209,'1457470',1638,,57,40,,,0
209,'1457478',1838,,58,40,,,0
209,'1457483',1538,,59,40,,,0
209,'1457489',2238,,60,40,,,0
209,'1457510',1238,,61,40,,,0
209,'1457518',938,,62,40,,,0
209,'1457527',1708,,63,40,,,0
209,'1457529',808,,64,40,,,0
209,'1457565',638,,65,40,,,0
209,'1457573',2138,,66,40,,,0
209,'1457608',2038,,67,40,,,0
209,'1457622',1808,,68,40,,,0
209,'1457643',2208,,69,40,,,0
209,'1457651',1908,,70,40,,,0
209,'1457697',1508,,71,40,,,0
209,'1457706',1038,,72,40,,,0
209,'1457736',1338,,73,40,,,0
209,'1457789',1008,,74,40,,,0
209,'1457792',908,,75,40,,,0
209,'1457805',1608,,76,40,,,0
209,'1457813',1108,,77,40,,,0
209,'1457840',1408,,78,40,,,0
209,'1457842',2108,,79,40,,,0
209,'1457892',838,,80,40,,,0
209,'1457903',1308,,81,40,,,0
209,'1457922',1138,,82,40,,,0
209,'1457963',1738,,83,40,,,0
209,'1457979',2008,,84,40,,,0
209,'1458006',1438,,85,40,,,0
209,'1458025',708,,86,40,,,0
209,'1458029',1938,,87,40,,,0
209,'1458032',1208,,88,40,,,0
209,'1458046',738,,89,40,,,0
209,'1469168',908,,90,40,,,0
209,'1469169',938,,91,40,,,0
209,'1469170',1008,,92,40,,,0
209,'1469171',1038,,93,40,,,0
209,'1469172',1108,,94,40,,,0
209,'1469173',1138,,95,40,,,0
209,'1469174',1208,,96,40,,,0
209,'1469175',1238,,97,40,,,0
209,'1469176',1308,,98,40,,,0
209,'1469177',1338,,99,40,,,0
209,'1469178',1408,,100,40,,,0
209,'1469179',1438,,101,40,,,0
209,'1469180',1508,,102,40,,,0
209,'1469181',1538,,103,40,,,0
209,'1469182',1608,,104,40,,,0
209,'1469183',1638,,105,40,,,0
209,'1469184',1708,,106,40,,,0
209,'1469185',1738,,107,40,,,0
209,'1469186',1808,,108,40,,,0
209,'1469187',1838,,109,40,,,0
209,'1469188',1908,,110,40,,,0
209,'1469189',1938,,111,40,,,0
209,'1469190',2008,,112,40,,,0
