409,'1474077',636,,169,27,,,0
409,'1474078',706,,170,27,,,0
409,'1474079',736,,171,27,,,0
409,'1474080',806,,172,27,,,0
409,'1474081',836,,173,27,,,0
409,'1474082',906,,174,27,,,0
409,'1474083',936,,175,27,,,0
409,'1474084',1006,,176,27,,,0
409,'1474085',1036,,177,27,,,0
409,'1474086',1106,,178,27,,,0
409,'1474087',1136,,179,27,,,0
409,'1474088',1206,,180,27,,,0
409,'1474089',1236,,181,27,,,0
409,'1474090',1306,,182,27,,,0
409,'1474091',1336,,183,27,,,0
409,'1474092',1406,,184,27,,,0
409,'1474093',1436,,185,27,,,0
409,'1474094',1506,,186,27,,,0
409,'1474095',1536,,187,27,,,0
409,'1474096',1606,,188,27,,,0
409,'1474097',1636,,189,27,,,0
409,'1474098',1706,,190,27,,,0
409,'1474099',1736,,191,27,,,0
409,'1474100',1806,,192,27,,,0
409,'1474101',1836,,193,27,,,0
409,'1474102',1906,,194,27,,,0
409,'1474103',1936,,195,27,,,0
409,'1474104',2006,,196,27,,,0
409,'1474105',2036,,197,27,,,0
409,'1474106',2106,,198,27,,,0
409,'1474107',2136,,199,27,,,0
409,'1474108',2206,,200,27,,,0
409,'1474109',2236,,201,27,,,0
409,'1474110',906,,202,27,,,0
409,'1474111',936,,203,27,,,0
409,'1474112',1006,,204,27,,,0
409,'1474113',1036,,205,27,,,0
409,'1474114',1106,,206,27,,,0
409,'1474115',1136,,207,27,,,0
409,'1474116',1206,,208,27,,,0
409,'1474117',1236,,209,27,,,0
409,'1474118',1306,,210,27,,,0
409,'1474119',1336,,211,27,,,0
409,'1474120',1406,,212,27,,,0
409,'1474121',1436,,213,27,,,0
409,'1474122',1506,,214,27,,,0
409,'1474123',1536,,215,27,,,0
409,'1474124',1606,,216,27,,,0
409,'1474125',1636,,217,27,,,0
409,'1474126',1706,,218,27,,,0
409,'1474127',1736,,219,27,,,0
409,'1474128',1806,,220,27,,,0
409,'1474129',1836,,221,27,,,0
409,'1474130',1906,,222,27,,,0
409,'1474131',1936,,223,27,,,0
409,'1474132',2006,,224,27,,,0
