309,'1492333',633,,595,30,0,5 7,0
309,'1492334',733,,596,30,0,5 7,0
309,'1492335',833,,597,30,0,5 7,0
309,'1492336',933,,598,30,0,5 7,0
309,'1492337',1033,,599,30,0,5 7,0
309,'1492338',1133,,600,30,0,5 7,0
309,'1492339',1233,,601,30,0,5 7,0
309,'1492340',1333,,602,30,0,5 7,0
309,'1492341',1433,,603,30,0,5 7,0
309,'1492342',1533,,604,30,0,5 7,0
309,'1492343',1633,,605,30,0,5 7,0
309,'1492344',1733,,606,30,0,5 7,0
309,'1492345',1833,,607,30,0,5 7,0
309,'1492346',1933,,608,30,0,5 7,0
309,'1492347',2033,,609,30,0,5 7,0
309,'1492348',2133,,610,30,0,5 7,0
309,'1492349',2233,,611,30,0,5 7,0
309,'1492350',933,,612,30,0,5 7,0
309,'1492351',1033,,613,30,0,5 7,0
309,'1492352',1133,,614,30,0,5 7,0
309,'1492353',1233,,615,30,0,5 7,0
309,'1492354',1333,,616,30,0,5 7,0
309,'1492355',1433,,617,30,0,5 7,0
309,'1492356',1533,,618,30,0,5 7,0
309,'1492357',1633,,619,30,0,5 7,0
309,'1492358',1733,,620,30,0,5 7,0
309,'1492359',1833,,621,30,0,5 7,0
309,'1492360',1933,,622,30,0,5 7,0
