109,'1456814',1415,,1,2,,,0,30,,1,31,4,,0
109,'1456819',1545,,2,2,,,0,70,,2,31,4,,0
109,'1456824',1815,,3,2,,,0,30,,3,31,4,,0
109,'1456829',845,,4,2,,,0,70,,4,31,4,,0
109,'1456834',915,,5,2,,,0,30,,5,31,4,,0
109,'1456836',1815,,6,2,,,0,30,,6,31,4,,0
109,'1456837',645,,7,2,,,0,70,,7,31,4,,0
109,'1456840',1745,,8,2,,,0,70,,8,31,4,,0
109,'1456877',915,,9,2,,,0,30,,9,31,4,,0
109,'1456880',615,,10,2,,,0,30,,10,31,4,,0
109,'1456889',1615,,11,2,,,0,30,,11,31,4,,0
109,'1456915',1015,,12,2,,,0,30,,12,31,4,,0
109,'1456918',1845,,13,2,,,0,70,,13,31,4,,0
109,'1456919',1615,,14,2,,,0,30,,14,31,4,,0
109,'1456920',2115,,15,2,,,0,30,,15,31,4,,0
109,'1456950',815,,16,2,,,0,30,,16,31,4,,0
109,'1456960',1145,,17,2,,,0,70,,17,31,4,,0
109,'1456962',1245,,18,2,,,0,70,,18,31,4,,0
109,'1456984',1045,,19,2,,,0,70,,19,31,4,,0
109,'1456985',2015,,20,2,,,0,30,,20,31,4,,0
109,'1457004',745,,21,2,,,0,70,,21,31,4,,0
109,'1457017',1215,,22,2,,,0,30,,22,31,4,,0
109,'1457020',1745,,23,2,,,0,70,,23,31,4,,0
109,'1457022',1315,,24,2,,,0,30,,24,31,4,,0
109,'1457029',2145,,25,2,,,0,70,,25,31,4,,0
109,'1457030',2045,,26,2,,,0,70,,26,31,4,,0
109,'1457036',1915,,27,2,,,0,30,,27,31,4,,0
109,'1457038',1445,,28,2,,,0,70,,28,31,4,,0
109,'1457041',1545,,29,2,,,0,70,,29,31,4,,0
109,'1457072',845,,30,2,,,0,70,,30,31,4,,0
109,'1457093',1515,,31,2,,,0,30,,31,31,4,,0
109,'1457107',715,,32,2,,,0,30,,32,31,4,,0
109,'1457111',1015,,33,2,,,0,30,,33,31,4,,0
109,'1457122',945,,34,2,,,0,70,,34,31,4,,0
109,'1457126',1945,,35,2,,,0,70,,35,31,4,,0
109,'1457134',1845,,36,2,,,0,70,,36,31,4,,0
109,'1457138',1645,,37,2,,,0,70,,37,31,4,,0
109,'1457157',1115,,38,2,,,0,30,,38,31,4,,0
109,'1457178',1345,,39,2,,,0,70,,39,31,4,,0
109,'1457184',1415,,40,2,,,0,30,,40,31,4,,0
109,'1457201',1245,,41,2,,,0,70,,41,31,4,,0
109,'1457203',1145,,42,2,,,0,70,,42,31,4,,0
109,'1457208',1945,,43,2,,,0,70,,43,31,4,,0
109,'1457212',1345,,44,2,,,0,70,,44,31,4,,0
109,'1457238',1645,,45,2,,,0,70,,45,31,4,,0
109,'1457256',1115,,46,2,,,0,30,,46,31,4,,0
109,'1457268',1715,,47,2,,,0,30,,47,31,4,,0
109,'1457283',1715,,48,2,,,0,30,,48,31,4,,0
109,'1457290',2215,,49,2,,,0,30,,49,31,4,,0
109,'1457302',1515,,50,2,,,0,30,,50,31,4,,0
109,'1457309',1915,,51,2,,,0,30,,51,31,4,,0
109,'1457336',1045,,52,2,,,0,70,,52,31,4,,0
109,'1457337',945,,53,2,,,0,70,,53,31,4,,0
109,'1457368',1215,,54,2,,,0,30,,54,31,4,,0
109,'1457373',1315,,55,2,,,0,30,,55,31,4,,0
109,'1457382',1445,,56,2,,,0,70,,56,31,4,,0
309,'1470829',1945,,113,1,0,5 6,0
309,'1479876',645,,114,1,0,5 6,0
309,'1479877',745,,115,1,0,5 6,0
309,'1479878',845,,116,1,0,5 6,0
309,'1479879',945,,117,1,0,5 6,0
309,'1479880',1045,,118,1,0,5 6,0
309,'1479881',1145,,119,1,0,5 6,0
309,'1479882',1245,,120,1,0,5 6,0
309,'1479883',1345,,121,1,0,5 6,0
309,'1479884',1445,,122,1,0,5 6,0
309,'1479885',1545,,123,1,0,5 6,0
309,'1479886',1645,,124,1,0,5 6,0
309,'1479887',1745,,125,1,0,5 6,0
309,'1479888',1845,,126,1,0,5 6,0
309,'1479889',1945,,127,1,0,5 6,0
309,'1479890',2045,,128,1,0,5 6,0
309,'1479891',2145,,129,1,0,5 6,0
309,'1479892',845,,130,1,0,5 6,0
309,'1479893',945,,131,1,0,5 6,0
309,'1479894',1045,,132,1,0,5 6,0
309,'1479895',1145,,133,1,0,5 6,0
309,'1479896',1245,,134,1,0,5 6,0
309,'1479897',1345,,135,1,0,5 6,0
309,'1479898',1445,,136,1,0,5 6,0
309,'1479899',1545,,137,1,0,5 6,0
309,'1479900',1645,,138,1,0,5 6,0
309,'1479901',1745,,139,1,0,5 6,0
309,'1479902',1845,,140,1,0,5 6,0
309,'1489542',615,,141,1,0,5 7,0
309,'1489543',715,,142,1,0,5 7,0
309,'1489544',815,,143,1,0,5 7,0
309,'1489545',915,,144,1,0,5 7,0
309,'1489546',1015,,145,1,0,5 7,0
309,'1489547',1115,,146,1,0,5 7,0
309,'1489548',1215,,147,1,0,5 7,0
309,'1489549',1315,,148,1,0,5 7,0
309,'1489550',1415,,149,1,0,5 7,0
309,'1489551',1515,,150,1,0,5 7,0
309,'1489552',1615,,151,1,0,5 7,0
309,'1489553',1715,,152,1,0,5 7,0
309,'1489554',1815,,153,1,0,5 7,0
309,'1489555',1915,,154,1,0,5 7,0
309,'1489556',2015,,155,1,0,5 7,0
309,'1489557',2115,,156,1,0,5 7,0
309,'1489558',2215,,157,1,0,5 7,0
309,'1489559',915,,158,1,0,5 7,0
309,'1489560',1015,,159,1,0,5 7,0
309,'1489561',1115,,160,1,0,5 7,0
309,'1489562',1215,,161,1,0,5 7,0
309,'1489563',1315,,162,1,0,5 7,0
309,'1489564',1415,,163,1,0,5 7,0
309,'1489565',1515,,164,1,0,5 7,0
309,'1489566',1615,,165,1,0,5 7,0
309,'1489567',1715,,166,1,0,5 7,0
309,'1489568',1815,,167,1,0,5 7,0
309,'1489569',1915,,168,1,0,5 7,0
