309,'1470829',1951,,113,13,0,5 6,0
309,'1479876',651,,114,13,0,5 6,0
309,'1479877',751,,115,13,0,5 6,0
309,'1479878',851,,116,13,0,5 6,0
309,'1479879',951,,117,13,0,5 6,0
309,'1479880',1051,,118,13,0,5 6,0
309,'1479881',1151,,119,13,0,5 6,0
309,'1479882',1251,,120,13,0,5 6,0
309,'1479883',1351,,121,13,0,5 6,0
309,'1479884',1451,,122,13,0,5 6,0
309,'1479885',1551,,123,13,0,5 6,0
309,'1479886',1651,,124,13,0,5 6,0
309,'1479887',1751,,125,13,0,5 6,0
309,'1479888',1851,,126,13,0,5 6,0
309,'1479889',1951,,127,13,0,5 6,0
309,'1479890',2051,,128,13,0,5 6,0
309,'1479891',2151,,129,13,0,5 6,0
309,'1479892',851,,130,13,0,5 6,0
309,'1479893',951,,131,13,0,5 6,0
309,'1479894',1051,,132,13,0,5 6,0
309,'1479895',1151,,133,13,0,5 6,0
309,'1479896',1251,,134,13,0,5 6,0
309,'1479897',1351,,135,13,0,5 6,0
309,'1479898',1451,,136,13,0,5 6,0
309,'1479899',1551,,137,13,0,5 6,0
309,'1479900',1651,,138,13,0,5 6,0
309,'1479901',1751,,139,13,0,5 6,0
309,'1479902',1851,,140,13,0,5 6,0
309,'1489542',621,,141,13,0,5 7,0
309,'1489543',721,,142,13,0,5 7,0
309,'1489544',821,,143,13,0,5 7,0
309,'1489545',921,,144,13,0,5 7,0
309,'1489546',1021,,145,13,0,5 7,0
309,'1489547',1121,,146,13,0,5 7,0
309,'1489548',1221,,147,13,0,5 7,0
309,'1489549',1321,,148,13,0,5 7,0
309,'1489550',1421,,149,13,0,5 7,0
309,'1489551',1521,,150,13,0,5 7,0
309,'1489552',1621,,151,13,0,5 7,0
309,'1489553',1721,,152,13,0,5 7,0
309,'1489554',1821,,153,13,0,5 7,0
309,'1489555',1921,,154,13,0,5 7,0
309,'1489556',2021,,155,13,0,5 7,0
309,'1489557',2121,,156,13,0,5 7,0
309,'1489558',2221,,157,13,0,5 7,0
309,'1489559',921,,158,13,0,5 7,0
309,'1489560',1021,,159,13,0,5 7,0
309,'1489561',1121,,160,13,0,5 7,0
309,'1489562',1221,,161,13,0,5 7,0
309,'1489563',1321,,162,13,0,5 7,0
309,'1489564',1421,,163,13,0,5 7,0
309,'1489565',1521,,164,13,0,5 7,0
309,'1489566',1621,,165,13,0,5 7,0
309,'1489567',1721,,166,13,0,5 7,0
309,'1489568',1821,,167,13,0,5 7,0
309,'1489569',1921,,168,13,0,5 7,0
