209,'1457470',1630,,482,30,,,0
209,'1457478',1830,,483,30,,,0
209,'1457483',1530,,484,30,,,0
209,'1457489',2230,,485,30,,,0
209,'1457510',1230,,486,30,,,0
209,'1457518',930,,487,30,,,0
209,'1457527',1700,,488,30,,,0
209,'1457529',800,,489,30,,,0
209,'1457565',630,,490,30,,,0
209,'1457573',2130,,491,30,,,0
209,'1457608',2030,,492,30,,,0
209,'1457622',1800,,493,30,,,0
209,'1457643',2200,,494,30,,,0
209,'1457651',1900,,495,30,,,0
209,'1457697',1500,,496,30,,,0
209,'1457706',1030,,497,30,,,0
209,'1457736',1330,,498,30,,,0
209,'1457789',1000,,499,30,,,0
209,'1457792',900,,500,30,,,0
209,'1457805',1600,,501,30,,,0
209,'1457813',1100,,502,30,,,0
209,'1457840',1400,,503,30,,,0
209,'1457842',2100,,504,30,,,0
209,'1457892',830,,505,30,,,0
209,'1457903',1300,,506,30,,,0
209,'1457922',1130,,507,30,,,0
209,'1457963',1730,,508,30,,,0
209,'1457979',2000,,509,30,,,0
209,'1458006',1430,,510,30,,,0
209,'1458025',700,,511,30,,,0
209,'1458029',1930,,512,30,,,0
209,'1458032',1200,,513,30,,,0
209,'1458046',730,,514,30,,,0
209,'1467968',1530,,395,30,,,0
209,'1467993',1700,,398,30,,,0
209,'1468003',1400,,400,30,,,0
209,'1468007',2200,,401,30,,,0
209,'1468017',930,,402,30,,,0
209,'1468034',1800,,405,30,,,0
209,'1468038',1000,,406,30,,,0
209,'1468054',900,,408,30,,,0
209,'1468079',830,,409,30,,,0
209,'1468088',2030,,410,30,,,0
209,'1468109',1230,,411,30,,,0
209,'1468127',800,,413,30,,,0
209,'1468129',1100,,414,30,,,0
209,'1468134',1900,,415,30,,,0
209,'1468156',1830,,416,30,,,0
209,'1468158',1730,,417,30,,,0
209,'1468197',1330,,419,30,,,0
209,'1468238',1130,,420,30,,,0
209,'1468288',1300,,425,30,,,0
209,'1468302',1200,,428,30,,,0
209,'1468306',1630,,429,30,,,0
209,'1468319',2100,,431,30,,,0
209,'1468342',1430,,433,30,,,0
209,'1468357',1030,,434,30,,,0
209,'1468388',630,,435,30,,,0
209,'1468403',2230,,438,30,,,0
209,'1468420',1500,,440,30,,,0
209,'1468421',700,,441,30,,,0
209,'1468443',1600,,442,30,,,0
209,'1468446',2130,,443,30,,,0
209,'1468448',730,,444,30,,,0
209,'1468457',1930,,446,30,,,0
209,'1468482',2000,,448,30,,,0
209,'1469168',900,,515,30,,,0
209,'1469169',930,,516,30,,,0
209,'1469170',1000,,517,30,,,0
209,'1469171',1030,,518,30,,,0
209,'1469172',1100,,519,30,,,0
209,'1469173',1130,,520,30,,,0
209,'1469174',1200,,521,30,,,0
209,'1469175',1230,,522,30,,,0
209,'1469176',1300,,523,30,,,0
209,'1469177',1330,,524,30,,,0
209,'1469178',1400,,525,30,,,0
209,'1469179',1430,,526,30,,,0
209,'1469180',1500,,527,30,,,0
209,'1469181',1530,,528,30,,,0
209,'1469182',1600,,529,30,,,0
209,'1469183',1630,,530,30,,,0
209,'1469184',1700,,531,30,,,0
209,'1469185',1730,,532,30,,,0
209,'1469186',1800,,533,30,,,0
209,'1469187',1830,,534,30,,,0
209,'1469188',1900,,535,30,,,0
209,'1469189',1930,,536,30,,,0
209,'1469190',2000,,537,30,,,0
