4019,'1492568',626,,761,17,,,0
4019,'1492569',656,,762,17,,,0
4019,'1492570',726,,763,17,,,0
4019,'1492571',756,,764,17,,,0
4019,'1492572',826,,765,17,,,0
4019,'1492573',856,,766,17,,,0
4019,'1492574',926,,767,17,,,0
4019,'1492575',956,,768,17,,,0
4019,'1492576',1026,,769,17,,,0
4019,'1492577',1056,,770,17,,,0
4019,'1492578',1126,,771,17,,,0
4019,'1492579',1156,,772,17,,,0
4019,'1492580',1226,,773,17,,,0
4019,'1492581',1256,,774,17,,,0
4019,'1492582',1326,,775,17,,,0
4019,'1492583',1356,,776,17,,,0
4019,'1492584',1426,,777,17,,,0
4019,'1492585',1456,,778,17,,,0
4019,'1492586',1526,,779,17,,,0
4019,'1492587',1556,,780,17,,,0
4019,'1492588',1626,,781,17,,,0
4019,'1492589',1656,,782,17,,,0
4019,'1492590',1726,,783,17,,,0
4019,'1492591',1756,,784,17,,,0
4019,'1492592',1826,,785,17,,,0
4019,'1492593',1856,,786,17,,,0
4019,'1492594',1926,,787,17,,,0
4019,'1492595',1956,,788,17,,,0
4019,'1492596',2026,,789,17,,,0
4019,'1492597',2056,,790,17,,,0
4019,'1492598',2126,,791,17,,,0
4019,'1492599',2156,,792,17,,,0
4019,'1492600',2226,,793,17,,,0
4019,'1492601',856,,794,17,,,0
4019,'1492602',926,,795,17,,,0
4019,'1492603',956,,796,17,,,0
4019,'1492604',1026,,797,17,,,0
4019,'1492605',1056,,798,17,,,0
4019,'1492606',1126,,799,17,,,0
4019,'1492607',1156,,800,17,,,0
4019,'1492608',1226,,801,17,,,0
4019,'1492609',1256,,802,17,,,0
4019,'1492610',1326,,803,17,,,0
4019,'1492611',1356,,804,17,,,0
4019,'1492612',1426,,805,17,,,0
4019,'1492613',1456,,806,17,,,0
4019,'1492614',1526,,807,17,,,0
4019,'1492615',1556,,808,17,,,0
4019,'1492616',1626,,809,17,,,0
4019,'1492617',1656,,810,17,,,0
4019,'1492618',1726,,811,17,,,0
4019,'1492619',1756,,812,17,,,0
4019,'1492620',1826,,813,17,,,0
4019,'1492621',1856,,814,17,,,0
4019,'1492622',1926,,815,17,,,0
4019,'1492623',1956,,816,17,,,0
