809,'1489412',616,,281,2,,,0
809,'1489413',646,,282,2,,,0
809,'1489414',716,,283,2,,,0
809,'1489415',746,,284,2,,,0
809,'1489416',816,,285,2,,,0
809,'1489417',846,,286,2,,,0
809,'1489418',916,,287,2,,,0
809,'1489419',946,,288,2,,,0
809,'1489420',1016,,289,2,,,0
809,'1489421',1046,,290,2,,,0
809,'1489422',1116,,291,2,,,0
809,'1489423',1146,,292,2,,,0
809,'1489424',1216,,293,2,,,0
809,'1489425',1246,,294,2,,,0
809,'1489426',1316,,295,2,,,0
809,'1489427',1346,,296,2,,,0
809,'1489428',1416,,297,2,,,0
809,'1489429',1446,,298,2,,,0
809,'1489430',1516,,299,2,,,0
809,'1489431',1546,,300,2,,,0
809,'1489432',1616,,301,2,,,0
809,'1489433',1646,,302,2,,,0
809,'1489434',1716,,303,2,,,0
809,'1489435',1746,,304,2,,,0
809,'1489436',1816,,305,2,,,0
809,'1489437',1846,,306,2,,,0
809,'1489438',1916,,307,2,,,0
809,'1489439',1946,,308,2,,,0
809,'1489440',2016,,309,2,,,0
809,'1489441',2046,,310,2,,,0
809,'1489442',2116,,311,2,,,0
809,'1489443',2146,,312,2,,,0
809,'1489444',2216,,313,2,,,0
809,'1489445',846,,314,2,,,0
809,'1489446',916,,315,2,,,0
809,'1489447',946,,316,2,,,0
809,'1489448',1016,,317,2,,,0
809,'1489449',1046,,318,2,,,0
809,'1489450',1116,,319,2,,,0
809,'1489451',1146,,320,2,,,0
809,'1489452',1216,,321,2,,,0
809,'1489453',1246,,322,2,,,0
809,'1489454',1316,,323,2,,,0
809,'1489455',1346,,324,2,,,0
809,'1489456',1416,,325,2,,,0
809,'1489457',1446,,326,2,,,0
809,'1489458',1516,,327,2,,,0
809,'1489459',1546,,328,2,,,0
809,'1489460',1616,,329,2,,,0
809,'1489461',1646,,330,2,,,0
809,'1489462',1716,,331,2,,,0
809,'1489463',1746,,332,2,,,0
809,'1489464',1816,,333,2,,,0
809,'1489465',1846,,334,2,,,0
809,'1489466',1916,,335,2,,,0
809,'1489467',1946,,336,2,,,0
