8019,'1489412',642,,281,23,,,0
8019,'1489413',712,,282,23,,,0
8019,'1489414',742,,283,23,,,0
8019,'1489415',812,,284,23,,,0
8019,'1489416',842,,285,23,,,0
8019,'1489417',912,,286,23,,,0
8019,'1489418',942,,287,23,,,0
8019,'1489419',1012,,288,23,,,0
8019,'1489420',1042,,289,23,,,0
8019,'1489421',1112,,290,23,,,0
8019,'1489422',1142,,291,23,,,0
8019,'1489423',1212,,292,23,,,0
8019,'1489424',1242,,293,23,,,0
8019,'1489425',1312,,294,23,,,0
8019,'1489426',1342,,295,23,,,0
8019,'1489427',1412,,296,23,,,0
8019,'1489428',1442,,297,23,,,0
8019,'1489429',1512,,298,23,,,0
8019,'1489430',1542,,299,23,,,0
8019,'1489431',1612,,300,23,,,0
8019,'1489432',1642,,301,23,,,0
8019,'1489433',1712,,302,23,,,0
8019,'1489434',1742,,303,23,,,0
8019,'1489435',1812,,304,23,,,0
8019,'1489436',1842,,305,23,,,0
8019,'1489437',1912,,306,23,,,0
8019,'1489438',1942,,307,23,,,0
8019,'1489439',2012,,308,23,,,0
8019,'1489440',2042,,309,23,,,0
8019,'1489441',2112,,310,23,,,0
8019,'1489442',2142,,311,23,,,0
8019,'1489443',2212,,312,23,,,0
8019,'1489444',2242,,313,23,,,0
8019,'1489445',912,,314,23,,,0
8019,'1489446',942,,315,23,,,0
8019,'1489447',1012,,316,23,,,0
8019,'1489448',1042,,317,23,,,0
8019,'1489449',1112,,318,23,,,0
8019,'1489450',1142,,319,23,,,0
8019,'1489451',1212,,320,23,,,0
8019,'1489452',1242,,321,23,,,0
8019,'1489453',1312,,322,23,,,0
8019,'1489454',1342,,323,23,,,0
8019,'1489455',1412,,324,23,,,0
8019,'1489456',1442,,325,23,,,0
8019,'1489457',1512,,326,23,,,0
8019,'1489458',1542,,327,23,,,0
8019,'1489459',1612,,328,23,,,0
8019,'1489460',1642,,329,23,,,0
8019,'1489461',1712,,330,23,,,0
8019,'1489462',1742,,331,23,,,0
8019,'1489463',1812,,332,23,,,0
8019,'1489464',1842,,333,23,,,0
8019,'1489465',1912,,334,23,,,0
8019,'1489466',1942,,335,23,,,0
8019,'1489467',2012,,336,23,,,0
