709,'1442614',727,,449,16,,,0
709,'1442622',1957,,450,16,,,0
709,'1442670',2127,,451,16,,,0
709,'1442732',2027,,452,16,,,0
709,'1442767',1627,,453,16,,,0
709,'1442817',1657,,454,16,,,0
709,'1442848',1757,,455,16,,,0
709,'1442896',757,,456,16,,,0
709,'1442972',1927,,457,16,,,0
709,'1443069',1227,,458,16,,,0
709,'1443156',627,,459,16,,,0
709,'1443162',1357,,460,16,,,0
709,'1443179',1427,,461,16,,,0
709,'1443229',1257,,462,16,,,0
709,'1443345',1827,,463,16,,,0
709,'1443404',827,,464,16,,,0
709,'1443436',1157,,465,16,,,0
709,'1443487',1127,,466,16,,,0
709,'1443532',657,,467,16,,,0
709,'1443541',927,,468,16,,,0
709,'1443550',2227,,469,16,,,0
709,'1443573',1557,,470,16,,,0
709,'1443663',1027,,471,16,,,0
709,'1443697',957,,472,16,,,0
709,'1443868',857,,473,16,,,0
709,'1443959',1057,,474,16,,,0
709,'1443993',1327,,475,16,,,0
709,'1444109',1457,,476,16,,,0
709,'1444167',2057,,477,16,,,0
709,'1444230',1857,,478,16,,,0
709,'1444467',1727,,479,16,,,0
709,'1444493',1527,,480,16,,,0
709,'1444706',2157,,481,16,,,0
709,'1471238',901,,337,16,,,0
709,'1471239',931,,338,16,,,0
709,'1471240',1001,,339,16,,,0
709,'1471241',1031,,340,16,,,0
709,'1471242',1101,,341,16,,,0
709,'1471243',1131,,342,16,,,0
709,'1471244',1201,,343,16,,,0
709,'1471245',1231,,344,16,,,0
709,'1471246',1301,,345,16,,,0
709,'1471247',1331,,346,16,,,0
709,'1471248',1401,,347,16,,,0
709,'1471249',1431,,348,16,,,0
709,'1471250',1501,,349,16,,,0
709,'1471251',1531,,350,16,,,0
709,'1471252',1601,,351,16,,,0
709,'1471253',1631,,352,16,,,0
709,'1471254',1701,,353,16,,,0
709,'1471255',1731,,354,16,,,0
709,'1471256',1801,,355,16,,,0
709,'1471257',1831,,356,16,,,0
709,'1471258',1901,,357,16,,,0
709,'1471259',1931,,358,16,,,0
709,'1471260',2001,,359,16,,,0
709,'1480384',627,,360,16,,,0
709,'1480385',657,,361,16,,,0
709,'1480386',727,,362,16,,,0
709,'1480387',757,,363,16,,,0
709,'1480388',827,,364,16,,,0
709,'1480389',857,,365,16,,,0
709,'1480390',927,,366,16,,,0
709,'1480391',957,,367,16,,,0
709,'1480392',1027,,368,16,,,0
709,'1480393',1057,,369,16,,,0
709,'1480394',1127,,370,16,,,0
709,'1480395',1157,,371,16,,,0
709,'1480396',1227,,372,16,,,0
709,'1480397',1257,,373,16,,,0
709,'1480398',1327,,374,16,,,0
709,'1480399',1357,,375,16,,,0
709,'1480400',1427,,376,16,,,0
709,'1480401',1457,,377,16,,,0
709,'1480402',1527,,378,16,,,0
709,'1480403',1557,,379,16,,,0
709,'1480404',1627,,380,16,,,0
709,'1480405',1657,,381,16,,,0
709,'1480406',1727,,382,16,,,0
709,'1480407',1757,,383,16,,,0
709,'1480408',1827,,384,16,,,0
709,'1480409',1857,,385,16,,,0
709,'1480410',1927,,386,16,,,0
709,'1480411',1957,,387,16,,,0
709,'1480412',2027,,388,16,,,0
709,'1480413',2057,,389,16,,,0
709,'1480414',2127,,390,16,,,0
709,'1480415',2157,,391,16,,,0
709,'1480416',2227,,392,16,,,0
