209,'1457470',1623,,57,15,,,0
209,'1457478',1823,,58,15,,,0
209,'1457483',1523,,59,15,,,0
209,'1457489',2223,,60,15,,,0
209,'1457510',1223,,61,15,,,0
209,'1457518',923,,62,15,,,0
209,'1457527',1653,,63,15,,,0
209,'1457529',753,,64,15,,,0
209,'1457565',623,,65,15,,,0
209,'1457573',2123,,66,15,,,0
209,'1457608',2023,,67,15,,,0
209,'1457622',1753,,68,15,,,0
209,'1457643',2153,,69,15,,,0
209,'1457651',1853,,70,15,,,0
209,'1457697',1453,,71,15,,,0
209,'1457706',1023,,72,15,,,0
209,'1457736',1323,,73,15,,,0
209,'1457789',953,,74,15,,,0
209,'1457792',853,,75,15,,,0
209,'1457805',1553,,76,15,,,0
209,'1457813',1053,,77,15,,,0
209,'1457840',1353,,78,15,,,0
209,'1457842',2053,,79,15,,,0
209,'1457892',823,,80,15,,,0
209,'1457903',1253,,81,15,,,0
209,'1457922',1123,,82,15,,,0
209,'1457963',1723,,83,15,,,0
209,'1457979',1953,,84,15,,,0
209,'1458006',1423,,85,15,,,0
209,'1458025',653,,86,15,,,0
209,'1458029',1923,,87,15,,,0
209,'1458032',1153,,88,15,,,0
209,'1458046',723,,89,15,,,0
209,'1469168',853,,90,15,,,0
209,'1469169',923,,91,15,,,0
209,'1469170',953,,92,15,,,0
209,'1469171',1023,,93,15,,,0
209,'1469172',1053,,94,15,,,0
209,'1469173',1123,,95,15,,,0
209,'1469174',1153,,96,15,,,0
209,'1469175',1223,,97,15,,,0
209,'1469176',1253,,98,15,,,0
209,'1469177',1323,,99,15,,,0
209,'1469178',1353,,100,15,,,0
209,'1469179',1423,,101,15,,,0
209,'1469180',1453,,102,15,,,0
209,'1469181',1523,,103,15,,,0
209,'1469182',1553,,104,15,,,0
209,'1469183',1623,,105,15,,,0
209,'1469184',1653,,106,15,,,0
209,'1469185',1723,,107,15,,,0
209,'1469186',1753,,108,15,,,0
209,'1469187',1823,,109,15,,,0
209,'1469188',1853,,110,15,,,0
209,'1469189',1923,,111,15,,,0
209,'1469190',1953,,112,15,,,0
