3029,'1402545',1559,,734,25,,,0
3029,'1402556',1359,,735,25,,,0
3029,'1402591',859,,736,25,,,0
3029,'1402611',1959,,737,25,,,0
3029,'1402624',1459,,738,25,,,0
3029,'1402656',1259,,739,25,,,0
3029,'1402688',1759,,740,25,,,0
3029,'1402691',1659,,741,25,,,0
3029,'1402699',959,,742,25,,,0
3029,'1402712',1459,,743,25,,,0
3029,'1402767',1559,,744,25,,,0
3029,'1402779',1259,,745,25,,,0
3029,'1402786',759,,746,25,,,0
3029,'1402795',1759,,747,25,,,0
3029,'1402803',1059,,748,25,,,0
3029,'1402809',659,,749,25,,,0
3029,'1402841',959,,750,25,,,0
3029,'1402852',2159,,751,25,,,0
3029,'1402874',1859,,752,25,,,0
3029,'1402905',1059,,753,25,,,0
3029,'1402920',859,,754,25,,,0
3029,'1402929',1159,,755,25,,,0
3029,'1402937',1659,,756,25,,,0
3029,'1402949',1159,,757,25,,,0
3029,'1403010',2059,,758,25,,,0
3029,'1403018',1859,,759,25,,,0
3029,'1403044',1359,,760,25,,,0
3029,'1450947',2001,,594,25,,,0
