109,'1456814',1417,,1,5,,,0
109,'1456819',1547,,2,5,,,0
109,'1456824',1817,,3,5,,,0
109,'1456829',847,,4,5,,,0
109,'1456834',917,,5,5,,,0
109,'1456836',1817,,6,5,,,0
109,'1456837',647,,7,5,,,0
109,'1456840',1747,,8,5,,,0
109,'1456877',917,,9,5,,,0
109,'1456880',617,,10,5,,,0
109,'1456889',1617,,11,5,,,0
109,'1456915',1017,,12,5,,,0
109,'1456918',1847,,13,5,,,0
109,'1456919',1617,,14,5,,,0
109,'1456920',2117,,15,5,,,0
109,'1456950',817,,16,5,,,0
109,'1456960',1147,,17,5,,,0
109,'1456962',1247,,18,5,,,0
109,'1456984',1047,,19,5,,,0
109,'1456985',2017,,20,5,,,0
109,'1457004',747,,21,5,,,0
109,'1457017',1217,,22,5,,,0
109,'1457020',1747,,23,5,,,0
109,'1457022',1317,,24,5,,,0
109,'1457029',2147,,25,5,,,0
109,'1457030',2047,,26,5,,,0
109,'1457036',1917,,27,5,,,0
109,'1457038',1447,,28,5,,,0
109,'1457041',1547,,29,5,,,0
109,'1457072',847,,30,5,,,0
109,'1457093',1517,,31,5,,,0
109,'1457107',717,,32,5,,,0
109,'1457111',1017,,33,5,,,0
109,'1457122',947,,34,5,,,0
109,'1457126',1947,,35,5,,,0
109,'1457134',1847,,36,5,,,0
109,'1457138',1647,,37,5,,,0
109,'1457157',1117,,38,5,,,0
109,'1457178',1347,,39,5,,,0
109,'1457184',1417,,40,5,,,0
109,'1457201',1247,,41,5,,,0
109,'1457203',1147,,42,5,,,0
109,'1457208',1947,,43,5,,,0
109,'1457212',1347,,44,5,,,0
109,'1457238',1647,,45,5,,,0
109,'1457256',1117,,46,5,,,0
109,'1457268',1717,,47,5,,,0
109,'1457283',1717,,48,5,,,0
109,'1457290',2217,,49,5,,,0
109,'1457302',1517,,50,5,,,0
109,'1457309',1917,,51,5,,,0
109,'1457336',1047,,52,5,,,0
109,'1457337',947,,53,5,,,0
109,'1457368',1217,,54,5,,,0
109,'1457373',1317,,55,5,,,0
109,'1457382',1447,,56,5,,,0
