1019,'1456814',1430,,1,12,,,0
1019,'1456819',1600,,2,12,,,0
1019,'1456824',1830,,3,12,,,0
1019,'1456829',900,,4,12,,,0
1019,'1456834',930,,5,12,,,0
1019,'1456836',1830,,6,12,,,0
1019,'1456837',700,,7,12,,,0
1019,'1456840',1800,,8,12,,,0
1019,'1456877',930,,9,12,,,0
1019,'1456880',630,,10,12,,,0
1019,'1456889',1630,,11,12,,,0
1019,'1456915',1030,,12,12,,,0
1019,'1456918',1900,,13,12,,,0
1019,'1456919',1630,,14,12,,,0
1019,'1456920',2130,,15,12,,,0
1019,'1456950',830,,16,12,,,0
1019,'1456960',1200,,17,12,,,0
1019,'1456962',1300,,18,12,,,0
1019,'1456984',1100,,19,12,,,0
1019,'1456985',2030,,20,12,,,0
1019,'1457004',800,,21,12,,,0
1019,'1457017',1230,,22,12,,,0
1019,'1457020',1800,,23,12,,,0
1019,'1457022',1330,,24,12,,,0
1019,'1457029',2200,,25,12,,,0
1019,'1457030',2100,,26,12,,,0
1019,'1457036',1930,,27,12,,,0
1019,'1457038',1500,,28,12,,,0
1019,'1457041',1600,,29,12,,,0
1019,'1457072',900,,30,12,,,0
1019,'1457093',1530,,31,12,,,0
1019,'1457107',730,,32,12,,,0
1019,'1457111',1030,,33,12,,,0
1019,'1457122',1000,,34,12,,,0
1019,'1457126',2000,,35,12,,,0
1019,'1457134',1900,,36,12,,,0
1019,'1457138',1700,,37,12,,,0
1019,'1457157',1130,,38,12,,,0
1019,'1457178',1400,,39,12,,,0
1019,'1457184',1430,,40,12,,,0
1019,'1457201',1300,,41,12,,,0
1019,'1457203',1200,,42,12,,,0
1019,'1457208',2000,,43,12,,,0
1019,'1457212',1400,,44,12,,,0
1019,'1457238',1700,,45,12,,,0
1019,'1457256',1130,,46,12,,,0
1019,'1457268',1730,,47,12,,,0
1019,'1457283',1730,,48,12,,,0
1019,'1457290',2230,,49,12,,,0
1019,'1457302',1530,,50,12,,,0
1019,'1457309',1930,,51,12,,,0
1019,'1457336',1100,,52,12,,,0
1019,'1457337',1000,,53,12,,,0
1019,'1457368',1230,,54,12,,,0
1019,'1457373',1330,,55,12,,,0
1019,'1457382',1500,,56,12,,,0
