2019,'1467963',1950,,650,4,,,0
2019,'1467965',1250,,651,4,,,0
2019,'1467968',1520,,652,4,,,0
2019,'1467975',1020,,653,4,,,0
2019,'1467991',1220,,654,4,,,0
2019,'1467993',1650,,655,4,,,0
2019,'1467994',850,,656,4,,,0
2019,'1468003',1350,,657,4,,,0
2019,'1468007',2150,,658,4,,,0
2019,'1468017',920,,659,4,,,0
2019,'1468027',1520,,660,4,,,0
2019,'1468031',1450,,661,4,,,0
2019,'1468034',1750,,662,4,,,0
2019,'1468038',950,,663,4,,,0
2019,'1468046',950,,664,4,,,0
2019,'1468054',850,,665,4,,,0
2019,'1468079',820,,666,4,,,0
2019,'1468088',2020,,667,4,,,0
2019,'1468109',1220,,668,4,,,0
2019,'1468126',1650,,669,4,,,0
2019,'1468127',750,,670,4,,,0
2019,'1468129',1050,,671,4,,,0
2019,'1468134',1850,,672,4,,,0
2019,'1468156',1820,,673,4,,,0
2019,'1468158',1720,,674,4,,,0
2019,'1468169',1320,,675,4,,,0
2019,'1468197',1320,,676,4,,,0
2019,'1468238',1120,,677,4,,,0
2019,'1468240',920,,678,4,,,0
2019,'1468243',1820,,679,4,,,0
2019,'1468250',1350,,680,4,,,0
2019,'1468284',1120,,681,4,,,0
2019,'1468288',1250,,682,4,,,0
2019,'1468289',1420,,683,4,,,0
2019,'1468293',1050,,684,4,,,0
2019,'1468302',1150,,685,4,,,0
2019,'1468306',1620,,686,4,,,0
2019,'1468315',1750,,687,4,,,0
2019,'1468319',2050,,688,4,,,0
2019,'1468325',1920,,689,4,,,0
2019,'1468342',1420,,690,4,,,0
2019,'1468357',1020,,691,4,,,0
2019,'1468388',620,,692,4,,,0
2019,'1468398',1620,,693,4,,,0
2019,'1468402',1850,,694,4,,,0
2019,'1468403',2220,,695,4,,,0
2019,'1468408',1720,,696,4,,,0
2019,'1468420',1450,,697,4,,,0
2019,'1468421',650,,698,4,,,0
2019,'1468443',1550,,699,4,,,0
2019,'1468446',2120,,700,4,,,0
2019,'1468448',720,,701,4,,,0
2019,'1468453',1150,,702,4,,,0
2019,'1468457',1920,,703,4,,,0
2019,'1468479',1550,,704,4,,,0
2019,'1468482',1950,,705,4,,,0
