309,'1470829',2002,,113,26,0,5 6,0
309,'1479876',659,,114,26,0,5 6,0
309,'1479877',759,,115,26,0,5 6,0
309,'1479878',859,,116,26,0,5 6,0
309,'1479879',959,,117,26,0,5 6,0
309,'1479880',1059,,118,26,0,5 6,0
309,'1479881',1159,,119,26,0,5 6,0
309,'1479882',1259,,120,26,0,5 6,0
309,'1479883',1359,,121,26,0,5 6,0
309,'1479884',1459,,122,26,0,5 6,0
309,'1479885',1559,,123,26,0,5 6,0
309,'1479886',1659,,124,26,0,5 6,0
309,'1479887',1759,,125,26,0,5 6,0
309,'1479888',1859,,126,26,0,5 6,0
309,'1479889',1959,,127,26,0,5 6,0
309,'1479890',2059,,128,26,0,5 6,0
309,'1479891',2159,,129,26,0,5 6,0
309,'1479892',859,,130,26,0,5 6,0
309,'1479893',959,,131,26,0,5 6,0
309,'1479894',1059,,132,26,0,5 6,0
309,'1479895',1159,,133,26,0,5 6,0
309,'1479896',1259,,134,26,0,5 6,0
309,'1479897',1359,,135,26,0,5 6,0
309,'1479898',1459,,136,26,0,5 6,0
309,'1479899',1559,,137,26,0,5 6,0
309,'1479900',1659,,138,26,0,5 6,0
309,'1479901',1759,,139,26,0,5 6,0
309,'1479902',1859,,140,26,0,5 6,0
