409,'1474077',635,,169,26,,,0
409,'1474078',705,,170,26,,,0
409,'1474079',735,,171,26,,,0
409,'1474080',805,,172,26,,,0
409,'1474081',835,,173,26,,,0
409,'1474082',905,,174,26,,,0
409,'1474083',935,,175,26,,,0
409,'1474084',1005,,176,26,,,0
409,'1474085',1035,,177,26,,,0
409,'1474086',1105,,178,26,,,0
409,'1474087',1135,,179,26,,,0
409,'1474088',1205,,180,26,,,0
409,'1474089',1235,,181,26,,,0
409,'1474090',1305,,182,26,,,0
409,'1474091',1335,,183,26,,,0
409,'1474092',1405,,184,26,,,0
409,'1474093',1435,,185,26,,,0
409,'1474094',1505,,186,26,,,0
409,'1474095',1535,,187,26,,,0
409,'1474096',1605,,188,26,,,0
409,'1474097',1635,,189,26,,,0
409,'1474098',1705,,190,26,,,0
409,'1474099',1735,,191,26,,,0
409,'1474100',1805,,192,26,,,0
409,'1474101',1835,,193,26,,,0
409,'1474102',1905,,194,26,,,0
409,'1474103',1935,,195,26,,,0
409,'1474104',2005,,196,26,,,0
409,'1474105',2035,,197,26,,,0
409,'1474106',2105,,198,26,,,0
409,'1474107',2135,,199,26,,,0
409,'1474108',2205,,200,26,,,0
409,'1474109',2235,,201,26,,,0
409,'1474110',905,,202,26,,,0
409,'1474111',935,,203,26,,,0
409,'1474112',1005,,204,26,,,0
409,'1474113',1035,,205,26,,,0
409,'1474114',1105,,206,26,,,0
409,'1474115',1135,,207,26,,,0
409,'1474116',1205,,208,26,,,0
409,'1474117',1235,,209,26,,,0
409,'1474118',1305,,210,26,,,0
409,'1474119',1335,,211,26,,,0
409,'1474120',1405,,212,26,,,0
409,'1474121',1435,,213,26,,,0
409,'1474122',1505,,214,26,,,0
409,'1474123',1535,,215,26,,,0
409,'1474124',1605,,216,26,,,0
409,'1474125',1635,,217,26,,,0
409,'1474126',1705,,218,26,,,0
409,'1474127',1735,,219,26,,,0
409,'1474128',1805,,220,26,,,0
409,'1474129',1835,,221,26,,,0
409,'1474130',1905,,222,26,,,0
409,'1474131',1935,,223,26,,,0
409,'1474132',2005,,224,26,,,0
