109,'1456814',1443,,1,30,,,0
109,'1456819',1613,,2,30,,,0
109,'1456824',1843,,3,30,,,0
109,'1456829',913,,4,30,,,0
109,'1456834',943,,5,30,,,0
109,'1456836',1843,,6,30,,,0
109,'1456837',713,,7,30,,,0
109,'1456840',1813,,8,30,,,0
109,'1456877',943,,9,30,,,0
109,'1456880',643,,10,30,,,0
109,'1456889',1643,,11,30,,,0
109,'1456915',1043,,12,30,,,0
109,'1456918',1913,,13,30,,,0
109,'1456919',1643,,14,30,,,0
109,'1456920',2143,,15,30,,,0
109,'1456950',843,,16,30,,,0
109,'1456960',1213,,17,30,,,0
109,'1456962',1313,,18,30,,,0
109,'1456984',1113,,19,30,,,0
109,'1456985',2043,,20,30,,,0
109,'1457004',813,,21,30,,,0
109,'1457017',1243,,22,30,,,0
109,'1457020',1813,,23,30,,,0
109,'1457022',1343,,24,30,,,0
109,'1457029',2213,,25,30,,,0
109,'1457030',2113,,26,30,,,0
109,'1457036',1943,,27,30,,,0
109,'1457038',1513,,28,30,,,0
109,'1457041',1613,,29,30,,,0
109,'1457072',913,,30,30,,,0
109,'1457093',1543,,31,30,,,0
109,'1457107',743,,32,30,,,0
109,'1457111',1043,,33,30,,,0
109,'1457122',1013,,34,30,,,0
109,'1457126',2013,,35,30,,,0
109,'1457134',1913,,36,30,,,0
109,'1457138',1713,,37,30,,,0
109,'1457157',1143,,38,30,,,0
109,'1457178',1413,,39,30,,,0
109,'1457184',1443,,40,30,,,0
109,'1457201',1313,,41,30,,,0
109,'1457203',1213,,42,30,,,0
109,'1457208',2013,,43,30,,,0
109,'1457212',1413,,44,30,,,0
109,'1457238',1713,,45,30,,,0
109,'1457256',1143,,46,30,,,0
109,'1457268',1743,,47,30,,,0
109,'1457283',1743,,48,30,,,0
109,'1457290',2243,,49,30,,,0
109,'1457302',1543,,50,30,,,0
109,'1457309',1943,,51,30,,,0
109,'1457336',1113,,52,30,,,0
109,'1457337',1013,,53,30,,,0
109,'1457368',1243,,54,30,,,0
109,'1457373',1343,,55,30,,,0
109,'1457382',1513,,56,30,,,0
