1019,'1456814',1440,,1,28,,,0
1019,'1456819',1610,,2,28,,,0
1019,'1456824',1840,,3,28,,,0
1019,'1456829',910,,4,28,,,0
1019,'1456834',940,,5,28,,,0
1019,'1456836',1840,,6,28,,,0
1019,'1456837',710,,7,28,,,0
1019,'1456840',1810,,8,28,,,0
1019,'1456877',940,,9,28,,,0
1019,'1456880',640,,10,28,,,0
1019,'1456889',1640,,11,28,,,0
1019,'1456915',1040,,12,28,,,0
1019,'1456918',1910,,13,28,,,0
1019,'1456919',1640,,14,28,,,0
1019,'1456920',2140,,15,28,,,0
1019,'1456950',840,,16,28,,,0
1019,'1456960',1210,,17,28,,,0
1019,'1456962',1310,,18,28,,,0
1019,'1456984',1110,,19,28,,,0
1019,'1456985',2040,,20,28,,,0
1019,'1457004',810,,21,28,,,0
1019,'1457017',1240,,22,28,,,0
1019,'1457020',1810,,23,28,,,0
1019,'1457022',1340,,24,28,,,0
1019,'1457029',2210,,25,28,,,0
1019,'1457030',2110,,26,28,,,0
1019,'1457036',1940,,27,28,,,0
1019,'1457038',1510,,28,28,,,0
1019,'1457041',1610,,29,28,,,0
1019,'1457072',910,,30,28,,,0
1019,'1457093',1540,,31,28,,,0
1019,'1457107',740,,32,28,,,0
1019,'1457111',1040,,33,28,,,0
1019,'1457122',1010,,34,28,,,0
1019,'1457126',2010,,35,28,,,0
1019,'1457134',1910,,36,28,,,0
1019,'1457138',1710,,37,28,,,0
1019,'1457157',1140,,38,28,,,0
1019,'1457178',1410,,39,28,,,0
1019,'1457184',1440,,40,28,,,0
1019,'1457201',1310,,41,28,,,0
1019,'1457203',1210,,42,28,,,0
1019,'1457208',2010,,43,28,,,0
1019,'1457212',1410,,44,28,,,0
1019,'1457238',1710,,45,28,,,0
1019,'1457256',1140,,46,28,,,0
1019,'1457268',1740,,47,28,,,0
1019,'1457283',1740,,48,28,,,0
1019,'1457290',2240,,49,28,,,0
1019,'1457302',1540,,50,28,,,0
1019,'1457309',1940,,51,28,,,0
1019,'1457336',1110,,52,28,,,0
1019,'1457337',1010,,53,28,,,0
1019,'1457368',1240,,54,28,,,0
1019,'1457373',1340,,55,28,,,0
1019,'1457382',1510,,56,28,,,0
