309,'1450947',1952,,594,16,0,5 6,0
309,'1492333',622,,595,16,0,5 7,0
309,'1492334',722,,596,16,0,5 7,0
309,'1492335',822,,597,16,0,5 7,0
309,'1492336',922,,598,16,0,5 7,0
309,'1492337',1022,,599,16,0,5 7,0
309,'1492338',1122,,600,16,0,5 7,0
309,'1492339',1222,,601,16,0,5 7,0
309,'1492340',1322,,602,16,0,5 7,0
309,'1492341',1422,,603,16,0,5 7,0
309,'1492342',1522,,604,16,0,5 7,0
309,'1492343',1622,,605,16,0,5 7,0
309,'1492344',1722,,606,16,0,5 7,0
309,'1492345',1822,,607,16,0,5 7,0
309,'1492346',1922,,608,16,0,5 7,0
309,'1492347',2022,,609,16,0,5 7,0
309,'1492348',2122,,610,16,0,5 7,0
309,'1492349',2222,,611,16,0,5 7,0
309,'1492350',922,,612,16,0,5 7,0
309,'1492351',1022,,613,16,0,5 7,0
309,'1492352',1122,,614,16,0,5 7,0
309,'1492353',1222,,615,16,0,5 7,0
309,'1492354',1322,,616,16,0,5 7,0
309,'1492355',1422,,617,16,0,5 7,0
309,'1492356',1522,,618,16,0,5 7,0
309,'1492357',1622,,619,16,0,5 7,0
309,'1492358',1722,,620,16,0,5 7,0
309,'1492359',1822,,621,16,0,5 7,0
309,'1492360',1922,,622,16,0,5 7,0
309,'1492361',652,,623,16,0,5 6,0
309,'1492362',752,,624,16,0,5 6,0
309,'1492363',852,,625,16,0,5 6,0
309,'1492364',952,,626,16,0,5 6,0
309,'1492365',1052,,627,16,0,5 6,0
309,'1492366',1152,,628,16,0,5 6,0
309,'1492367',1252,,629,16,0,5 6,0
309,'1492368',1352,,630,16,0,5 6,0
309,'1492369',1452,,631,16,0,5 6,0
309,'1492370',1552,,632,16,0,5 6,0
309,'1492371',1652,,633,16,0,5 6,0
309,'1492372',1752,,634,16,0,5 6,0
309,'1492373',1852,,635,16,0,5 6,0
309,'1492374',1952,,636,16,0,5 6,0
309,'1492375',2052,,637,16,0,5 6,0
309,'1492376',2152,,638,16,0,5 6,0
309,'1492377',852,,639,16,0,5 6,0
309,'1492378',952,,640,16,0,5 6,0
309,'1492379',1052,,641,16,0,5 6,0
309,'1492380',1152,,642,16,0,5 6,0
309,'1492381',1252,,643,16,0,5 6,0
309,'1492382',1352,,644,16,0,5 6,0
309,'1492383',1452,,645,16,0,5 6,0
309,'1492384',1552,,646,16,0,5 6,0
309,'1492385',1652,,647,16,0,5 6,0
309,'1492386',1752,,648,16,0,5 6,0
309,'1492387',1852,,649,16,0,5 6,0
