3019,'1442631',1131,,706,25,,,0
3019,'1442675',1431,,707,25,,,0
3019,'1442733',1131,,708,25,,,0
3019,'1442752',2031,,709,25,,,0
3019,'1443103',1831,,710,25,,,0
3019,'1443204',1031,,711,25,,,0
3019,'1443220',1531,,712,25,,,0
3019,'1443234',2231,,713,25,,,0
3019,'1443313',1931,,714,25,,,0
3019,'1443385',1231,,715,25,,,0
3019,'1443475',1731,,716,25,,,0
3019,'1443501',1631,,717,25,,,0
3019,'1443646',631,,718,25,,,0
3019,'1443682',1331,,719,25,,,0
3019,'1443691',1731,,720,25,,,0
3019,'1443873',1931,,721,25,,,0
3019,'1443914',1331,,722,25,,,0
3019,'1443932',1031,,723,25,,,0
3019,'1444023',1431,,724,25,,,0
3019,'1444126',1831,,725,25,,,0
3019,'1444142',931,,726,25,,,0
3019,'1444180',931,,727,25,,,0
3019,'1444241',1631,,728,25,,,0
3019,'1444339',2131,,729,25,,,0
3019,'1444435',1531,,730,25,,,0
3019,'1444530',831,,731,25,,,0
3019,'1444556',1231,,732,25,,,0
3019,'1444662',731,,733,25,,,0
