8019,'1489412',618,,281,5,,,0
8019,'1489413',648,,282,5,,,0
8019,'1489414',718,,283,5,,,0
8019,'1489415',748,,284,5,,,0
8019,'1489416',818,,285,5,,,0
8019,'1489417',848,,286,5,,,0
8019,'1489418',918,,287,5,,,0
8019,'1489419',948,,288,5,,,0
8019,'1489420',1018,,289,5,,,0
8019,'1489421',1048,,290,5,,,0
8019,'1489422',1118,,291,5,,,0
8019,'1489423',1148,,292,5,,,0
8019,'1489424',1218,,293,5,,,0
8019,'1489425',1248,,294,5,,,0
8019,'1489426',1318,,295,5,,,0
8019,'1489427',1348,,296,5,,,0
8019,'1489428',1418,,297,5,,,0
8019,'1489429',1448,,298,5,,,0
8019,'1489430',1518,,299,5,,,0
8019,'1489431',1548,,300,5,,,0
8019,'1489432',1618,,301,5,,,0
8019,'1489433',1648,,302,5,,,0
8019,'1489434',1718,,303,5,,,0
8019,'1489435',1748,,304,5,,,0
8019,'1489436',1818,,305,5,,,0
8019,'1489437',1848,,306,5,,,0
8019,'1489438',1918,,307,5,,,0
8019,'1489439',1948,,308,5,,,0
8019,'1489440',2018,,309,5,,,0
8019,'1489441',2048,,310,5,,,0
8019,'1489442',2118,,311,5,,,0
8019,'1489443',2148,,312,5,,,0
8019,'1489444',2218,,313,5,,,0
8019,'1489445',848,,314,5,,,0
8019,'1489446',918,,315,5,,,0
8019,'1489447',948,,316,5,,,0
8019,'1489448',1018,,317,5,,,0
8019,'1489449',1048,,318,5,,,0
8019,'1489450',1118,,319,5,,,0
8019,'1489451',1148,,320,5,,,0
8019,'1489452',1218,,321,5,,,0
8019,'1489453',1248,,322,5,,,0
8019,'1489454',1318,,323,5,,,0
8019,'1489455',1348,,324,5,,,0
8019,'1489456',1418,,325,5,,,0
8019,'1489457',1448,,326,5,,,0
8019,'1489458',1518,,327,5,,,0
8019,'1489459',1548,,328,5,,,0
8019,'1489460',1618,,329,5,,,0
8019,'1489461',1648,,330,5,,,0
8019,'1489462',1718,,331,5,,,0
8019,'1489463',1748,,332,5,,,0
8019,'1489464',1818,,333,5,,,0
8019,'1489465',1848,,334,5,,,0
8019,'1489466',1918,,335,5,,,0
8019,'1489467',1948,,336,5,,,0
