709,'1471238',853,,337,8,,,0
709,'1471239',923,,338,8,,,0
709,'1471240',953,,339,8,,,0
709,'1471241',1023,,340,8,,,0
709,'1471242',1053,,341,8,,,0
709,'1471243',1123,,342,8,,,0
709,'1471244',1153,,343,8,,,0
709,'1471245',1223,,344,8,,,0
709,'1471246',1253,,345,8,,,0
709,'1471247',1323,,346,8,,,0
709,'1471248',1353,,347,8,,,0
709,'1471249',1423,,348,8,,,0
709,'1471250',1453,,349,8,,,0
709,'1471251',1523,,350,8,,,0
709,'1471252',1553,,351,8,,,0
709,'1471253',1623,,352,8,,,0
709,'1471254',1653,,353,8,,,0
709,'1471255',1723,,354,8,,,0
709,'1471256',1753,,355,8,,,0
709,'1471257',1823,,356,8,,,0
709,'1471258',1853,,357,8,,,0
709,'1471259',1923,,358,8,,,0
709,'1471260',1953,,359,8,,,0
709,'1480384',619,,360,8,,,0
709,'1480385',649,,361,8,,,0
709,'1480386',719,,362,8,,,0
709,'1480387',749,,363,8,,,0
709,'1480388',819,,364,8,,,0
709,'1480389',849,,365,8,,,0
709,'1480390',919,,366,8,,,0
709,'1480391',949,,367,8,,,0
709,'1480392',1019,,368,8,,,0
709,'1480393',1049,,369,8,,,0
709,'1480394',1119,,370,8,,,0
709,'1480395',1149,,371,8,,,0
709,'1480396',1219,,372,8,,,0
709,'1480397',1249,,373,8,,,0
709,'1480398',1319,,374,8,,,0
709,'1480399',1349,,375,8,,,0
709,'1480400',1419,,376,8,,,0
709,'1480401',1449,,377,8,,,0
709,'1480402',1519,,378,8,,,0
709,'1480403',1549,,379,8,,,0
709,'1480404',1619,,380,8,,,0
709,'1480405',1649,,381,8,,,0
709,'1480406',1719,,382,8,,,0
709,'1480407',1749,,383,8,,,0
709,'1480408',1819,,384,8,,,0
709,'1480409',1849,,385,8,,,0
709,'1480410',1919,,386,8,,,0
709,'1480411',1949,,387,8,,,0
709,'1480412',2019,,388,8,,,0
709,'1480413',2049,,389,8,,,0
709,'1480414',2119,,390,8,,,0
709,'1480415',2149,,391,8,,,0
709,'1480416',2219,,392,8,,,0
709,'1489570',619,,248,8,,,0
709,'1489571',649,,249,8,,,0
709,'1489572',719,,250,8,,,0
709,'1489573',749,,251,8,,,0
709,'1489574',819,,252,8,,,0
709,'1489575',849,,253,8,,,0
709,'1489576',919,,254,8,,,0
709,'1489577',949,,255,8,,,0
709,'1489578',1019,,256,8,,,0
709,'1489579',1049,,257,8,,,0
709,'1489580',1119,,258,8,,,0
709,'1489581',1149,,259,8,,,0
709,'1489582',1219,,260,8,,,0
709,'1489583',1249,,261,8,,,0
709,'1489584',1319,,262,8,,,0
709,'1489585',1349,,263,8,,,0
709,'1489586',1419,,264,8,,,0
709,'1489587',1449,,265,8,,,0
709,'1489588',1519,,266,8,,,0
709,'1489589',1549,,267,8,,,0
709,'1489590',1619,,268,8,,,0
709,'1489591',1649,,269,8,,,0
709,'1489592',1719,,270,8,,,0
709,'1489593',1749,,271,8,,,0
709,'1489594',1819,,272,8,,,0
709,'1489595',1849,,273,8,,,0
709,'1489596',1919,,274,8,,,0
709,'1489597',1949,,275,8,,,0
709,'1489598',2019,,276,8,,,0
709,'1489599',2049,,277,8,,,0
709,'1489600',2119,,278,8,,,0
709,'1489601',2149,,279,8,,,0
709,'1489602',2219,,280,8,,,0
