1019,'1456814',1436,,1,22,,,0
1019,'1456819',1606,,2,22,,,0
1019,'1456824',1836,,3,22,,,0
1019,'1456829',906,,4,22,,,0
1019,'1456834',936,,5,22,,,0
1019,'1456836',1836,,6,22,,,0
1019,'1456837',706,,7,22,,,0
1019,'1456840',1806,,8,22,,,0
1019,'1456877',936,,9,22,,,0
1019,'1456880',636,,10,22,,,0
1019,'1456889',1636,,11,22,,,0
1019,'1456915',1036,,12,22,,,0
1019,'1456918',1906,,13,22,,,0
1019,'1456919',1636,,14,22,,,0
1019,'1456920',2136,,15,22,,,0
1019,'1456950',836,,16,22,,,0
1019,'1456960',1206,,17,22,,,0
1019,'1456962',1306,,18,22,,,0
1019,'1456984',1106,,19,22,,,0
1019,'1456985',2036,,20,22,,,0
1019,'1457004',806,,21,22,,,0
1019,'1457017',1236,,22,22,,,0
1019,'1457020',1806,,23,22,,,0
1019,'1457022',1336,,24,22,,,0
1019,'1457029',2206,,25,22,,,0
1019,'1457030',2106,,26,22,,,0
1019,'1457036',1936,,27,22,,,0
1019,'1457038',1506,,28,22,,,0
1019,'1457041',1606,,29,22,,,0
1019,'1457072',906,,30,22,,,0
1019,'1457093',1536,,31,22,,,0
1019,'1457107',736,,32,22,,,0
1019,'1457111',1036,,33,22,,,0
1019,'1457122',1006,,34,22,,,0
1019,'1457126',2006,,35,22,,,0
1019,'1457134',1906,,36,22,,,0
1019,'1457138',1706,,37,22,,,0
1019,'1457157',1136,,38,22,,,0
1019,'1457178',1406,,39,22,,,0
1019,'1457184',1436,,40,22,,,0
1019,'1457201',1306,,41,22,,,0
1019,'1457203',1206,,42,22,,,0
1019,'1457208',2006,,43,22,,,0
1019,'1457212',1406,,44,22,,,0
1019,'1457238',1706,,45,22,,,0
1019,'1457256',1136,,46,22,,,0
1019,'1457268',1736,,47,22,,,0
1019,'1457283',1736,,48,22,,,0
1019,'1457290',2236,,49,22,,,0
1019,'1457302',1536,,50,22,,,0
1019,'1457309',1936,,51,22,,,0
1019,'1457336',1106,,52,22,,,0
1019,'1457337',1006,,53,22,,,0
1019,'1457368',1236,,54,22,,,0
1019,'1457373',1336,,55,22,,,0
1019,'1457382',1506,,56,22,,,0
