709,'1471238',902,,337,18,,,0
709,'1471239',932,,338,18,,,0
709,'1471240',1002,,339,18,,,0
709,'1471241',1032,,340,18,,,0
709,'1471242',1102,,341,18,,,0
709,'1471243',1132,,342,18,,,0
709,'1471244',1202,,343,18,,,0
709,'1471245',1232,,344,18,,,0
709,'1471246',1302,,345,18,,,0
709,'1471247',1332,,346,18,,,0
709,'1471248',1402,,347,18,,,0
709,'1471249',1432,,348,18,,,0
709,'1471250',1502,,349,18,,,0
709,'1471251',1532,,350,18,,,0
709,'1471252',1602,,351,18,,,0
709,'1471253',1632,,352,18,,,0
709,'1471254',1702,,353,18,,,0
709,'1471255',1732,,354,18,,,0
709,'1471256',1802,,355,18,,,0
709,'1471257',1832,,356,18,,,0
709,'1471258',1902,,357,18,,,0
709,'1471259',1932,,358,18,,,0
709,'1471260',2002,,359,18,,,0
709,'1480384',629,,360,18,,,0
709,'1480385',659,,361,18,,,0
709,'1480386',729,,362,18,,,0
709,'1480387',759,,363,18,,,0
709,'1480388',829,,364,18,,,0
709,'1480389',859,,365,18,,,0
709,'1480390',929,,366,18,,,0
709,'1480391',959,,367,18,,,0
709,'1480392',1029,,368,18,,,0
709,'1480393',1059,,369,18,,,0
709,'1480394',1129,,370,18,,,0
709,'1480395',1159,,371,18,,,0
709,'1480396',1229,,372,18,,,0
709,'1480397',1259,,373,18,,,0
709,'1480398',1329,,374,18,,,0
709,'1480399',1359,,375,18,,,0
709,'1480400',1429,,376,18,,,0
709,'1480401',1459,,377,18,,,0
709,'1480402',1529,,378,18,,,0
709,'1480403',1559,,379,18,,,0
709,'1480404',1629,,380,18,,,0
709,'1480405',1659,,381,18,,,0
709,'1480406',1729,,382,18,,,0
709,'1480407',1759,,383,18,,,0
709,'1480408',1829,,384,18,,,0
709,'1480409',1859,,385,18,,,0
709,'1480410',1929,,386,18,,,0
709,'1480411',1959,,387,18,,,0
709,'1480412',2029,,388,18,,,0
709,'1480413',2059,,389,18,,,0
709,'1480414',2129,,390,18,,,0
709,'1480415',2159,,391,18,,,0
709,'1480416',2229,,392,18,,,0
