709,'1471238',904,,337,23,,,0
709,'1471239',934,,338,23,,,0
709,'1471240',1004,,339,23,,,0
709,'1471241',1034,,340,23,,,0
709,'1471242',1104,,341,23,,,0
709,'1471243',1134,,342,23,,,0
709,'1471244',1204,,343,23,,,0
709,'1471245',1234,,344,23,,,0
709,'1471246',1304,,345,23,,,0
709,'1471247',1334,,346,23,,,0
709,'1471248',1404,,347,23,,,0
709,'1471249',1434,,348,23,,,0
709,'1471250',1504,,349,23,,,0
709,'1471251',1534,,350,23,,,0
709,'1471252',1604,,351,23,,,0
709,'1471253',1634,,352,23,,,0
709,'1471254',1704,,353,23,,,0
709,'1471255',1734,,354,23,,,0
709,'1471256',1804,,355,23,,,0
709,'1471257',1834,,356,23,,,0
709,'1471258',1904,,357,23,,,0
709,'1471259',1934,,358,23,,,0
709,'1471260',2004,,359,23,,,0
709,'1480384',633,,360,23,,,0
709,'1480385',703,,361,23,,,0
709,'1480386',733,,362,23,,,0
709,'1480387',803,,363,23,,,0
709,'1480388',833,,364,23,,,0
709,'1480389',903,,365,23,,,0
709,'1480390',933,,366,23,,,0
709,'1480391',1003,,367,23,,,0
709,'1480392',1033,,368,23,,,0
709,'1480393',1103,,369,23,,,0
709,'1480394',1133,,370,23,,,0
709,'1480395',1203,,371,23,,,0
709,'1480396',1233,,372,23,,,0
709,'1480397',1303,,373,23,,,0
709,'1480398',1333,,374,23,,,0
709,'1480399',1403,,375,23,,,0
709,'1480400',1433,,376,23,,,0
709,'1480401',1503,,377,23,,,0
709,'1480402',1533,,378,23,,,0
709,'1480403',1603,,379,23,,,0
709,'1480404',1633,,380,23,,,0
709,'1480405',1703,,381,23,,,0
709,'1480406',1733,,382,23,,,0
709,'1480407',1803,,383,23,,,0
709,'1480408',1833,,384,23,,,0
709,'1480409',1903,,385,23,,,0
709,'1480410',1933,,386,23,,,0
709,'1480411',2003,,387,23,,,0
709,'1480412',2033,,388,23,,,0
709,'1480413',2103,,389,23,,,0
709,'1480414',2133,,390,23,,,0
709,'1480415',2203,,391,23,,,0
709,'1480416',2233,,392,23,,,0
