409,'1474077',623,,169,13,,,0
409,'1474078',653,,170,13,,,0
409,'1474079',723,,171,13,,,0
409,'1474080',753,,172,13,,,0
409,'1474081',823,,173,13,,,0
409,'1474082',853,,174,13,,,0
409,'1474083',923,,175,13,,,0
409,'1474084',953,,176,13,,,0
409,'1474085',1023,,177,13,,,0
409,'1474086',1053,,178,13,,,0
409,'1474087',1123,,179,13,,,0
409,'1474088',1153,,180,13,,,0
409,'1474089',1223,,181,13,,,0
409,'1474090',1253,,182,13,,,0
409,'1474091',1323,,183,13,,,0
409,'1474092',1353,,184,13,,,0
409,'1474093',1423,,185,13,,,0
409,'1474094',1453,,186,13,,,0
409,'1474095',1523,,187,13,,,0
409,'1474096',1553,,188,13,,,0
409,'1474097',1623,,189,13,,,0
409,'1474098',1653,,190,13,,,0
409,'1474099',1723,,191,13,,,0
409,'1474100',1753,,192,13,,,0
409,'1474101',1823,,193,13,,,0
409,'1474102',1853,,194,13,,,0
409,'1474103',1923,,195,13,,,0
409,'1474104',1953,,196,13,,,0
409,'1474105',2023,,197,13,,,0
409,'1474106',2053,,198,13,,,0
409,'1474107',2123,,199,13,,,0
409,'1474108',2153,,200,13,,,0
409,'1474109',2223,,201,13,,,0
409,'1474110',853,,202,13,,,0
409,'1474111',923,,203,13,,,0
409,'1474112',953,,204,13,,,0
409,'1474113',1023,,205,13,,,0
409,'1474114',1053,,206,13,,,0
409,'1474115',1123,,207,13,,,0
409,'1474116',1153,,208,13,,,0
409,'1474117',1223,,209,13,,,0
409,'1474118',1253,,210,13,,,0
409,'1474119',1323,,211,13,,,0
409,'1474120',1353,,212,13,,,0
409,'1474121',1423,,213,13,,,0
409,'1474122',1453,,214,13,,,0
409,'1474123',1523,,215,13,,,0
409,'1474124',1553,,216,13,,,0
409,'1474125',1623,,217,13,,,0
409,'1474126',1653,,218,13,,,0
409,'1474127',1723,,219,13,,,0
409,'1474128',1753,,220,13,,,0
409,'1474129',1823,,221,13,,,0
409,'1474130',1853,,222,13,,,0
409,'1474131',1923,,223,13,,,0
409,'1474132',1953,,224,13,,,0
