209,'1467963',1950,,393,5,,,0
209,'1467965',1250,,394,5,,,0
209,'1467968',1520,,395,5,,,0
209,'1467975',1020,,396,5,,,0
209,'1467991',1220,,397,5,,,0
209,'1467993',1650,,398,5,,,0
209,'1467994',850,,399,5,,,0
209,'1468003',1350,,400,5,,,0
209,'1468007',2150,,401,5,,,0
209,'1468017',920,,402,5,,,0
209,'1468027',1520,,403,5,,,0
209,'1468031',1450,,404,5,,,0
209,'1468034',1750,,405,5,,,0
209,'1468038',950,,406,5,,,0
209,'1468046',950,,407,5,,,0
209,'1468054',850,,408,5,,,0
209,'1468079',820,,409,5,,,0
209,'1468088',2020,,410,5,,,0
209,'1468109',1220,,411,5,,,0
209,'1468126',1650,,412,5,,,0
209,'1468127',750,,413,5,,,0
209,'1468129',1050,,414,5,,,0
209,'1468134',1850,,415,5,,,0
209,'1468156',1820,,416,5,,,0
209,'1468158',1720,,417,5,,,0
209,'1468169',1320,,418,5,,,0
209,'1468197',1320,,419,5,,,0
209,'1468238',1120,,420,5,,,0
209,'1468240',920,,421,5,,,0
209,'1468243',1820,,422,5,,,0
209,'1468250',1350,,423,5,,,0
209,'1468284',1120,,424,5,,,0
209,'1468288',1250,,425,5,,,0
209,'1468289',1420,,426,5,,,0
209,'1468293',1050,,427,5,,,0
209,'1468302',1150,,428,5,,,0
209,'1468306',1620,,429,5,,,0
209,'1468315',1750,,430,5,,,0
209,'1468319',2050,,431,5,,,0
209,'1468325',1920,,432,5,,,0
209,'1468342',1420,,433,5,,,0
209,'1468357',1020,,434,5,,,0
209,'1468388',620,,435,5,,,0
209,'1468398',1620,,436,5,,,0
209,'1468402',1850,,437,5,,,0
209,'1468403',2220,,438,5,,,0
209,'1468408',1720,,439,5,,,0
209,'1468420',1450,,440,5,,,0
209,'1468421',650,,441,5,,,0
209,'1468443',1550,,442,5,,,0
209,'1468446',2120,,443,5,,,0
209,'1468448',720,,444,5,,,0
209,'1468453',1150,,445,5,,,0
209,'1468457',1920,,446,5,,,0
209,'1468479',1550,,447,5,,,0
209,'1468482',1950,,448,5,,,0
