209,'1467963',1946,,393,2,,,0
209,'1467965',1246,,394,2,,,0
209,'1467968',1516,,395,2,,,0
209,'1467975',1016,,396,2,,,0
209,'1467991',1216,,397,2,,,0
209,'1467993',1646,,398,2,,,0
209,'1467994',846,,399,2,,,0
209,'1468003',1346,,400,2,,,0
209,'1468007',2146,,401,2,,,0
209,'1468017',916,,402,2,,,0
209,'1468027',1516,,403,2,,,0
209,'1468031',1446,,404,2,,,0
209,'1468034',1746,,405,2,,,0
209,'1468038',946,,406,2,,,0
209,'1468046',946,,407,2,,,0
209,'1468054',846,,408,2,,,0
209,'1468079',816,,409,2,,,0
209,'1468088',2016,,410,2,,,0
209,'1468109',1216,,411,2,,,0
209,'1468126',1646,,412,2,,,0
209,'1468127',746,,413,2,,,0
209,'1468129',1046,,414,2,,,0
209,'1468134',1846,,415,2,,,0
209,'1468156',1816,,416,2,,,0
209,'1468158',1716,,417,2,,,0
209,'1468169',1316,,418,2,,,0
209,'1468197',1316,,419,2,,,0
209,'1468238',1116,,420,2,,,0
209,'1468240',916,,421,2,,,0
209,'1468243',1816,,422,2,,,0
209,'1468250',1346,,423,2,,,0
209,'1468284',1116,,424,2,,,0
209,'1468288',1246,,425,2,,,0
209,'1468289',1416,,426,2,,,0
209,'1468293',1046,,427,2,,,0
209,'1468302',1146,,428,2,,,0
209,'1468306',1616,,429,2,,,0
209,'1468315',1746,,430,2,,,0
209,'1468319',2046,,431,2,,,0
209,'1468325',1916,,432,2,,,0
209,'1468342',1416,,433,2,,,0
209,'1468357',1016,,434,2,,,0
209,'1468388',616,,435,2,,,0
209,'1468398',1616,,436,2,,,0
209,'1468402',1846,,437,2,,,0
209,'1468403',2216,,438,2,,,0
209,'1468408',1716,,439,2,,,0
209,'1468420',1446,,440,2,,,0
209,'1468421',646,,441,2,,,0
209,'1468443',1546,,442,2,,,0
209,'1468446',2116,,443,2,,,0
209,'1468448',716,,444,2,,,0
209,'1468453',1146,,445,2,,,0
209,'1468457',1916,,446,2,,,0
209,'1468479',1546,,447,2,,,0
209,'1468482',1946,,448,2,,,0
