3019,'1442631',1118,,706,7,,,0
3019,'1442675',1418,,707,7,,,0
3019,'1442733',1118,,708,7,,,0
3019,'1442752',2018,,709,7,,,0
3019,'1443103',1818,,710,7,,,0
3019,'1443204',1018,,711,7,,,0
3019,'1443220',1518,,712,7,,,0
3019,'1443234',2218,,713,7,,,0
3019,'1443313',1918,,714,7,,,0
3019,'1443385',1218,,715,7,,,0
3019,'1443475',1718,,716,7,,,0
3019,'1443501',1618,,717,7,,,0
3019,'1443646',618,,718,7,,,0
3019,'1443682',1318,,719,7,,,0
3019,'1443691',1718,,720,7,,,0
3019,'1443873',1918,,721,7,,,0
3019,'1443914',1318,,722,7,,,0
3019,'1443932',1018,,723,7,,,0
3019,'1444023',1418,,724,7,,,0
3019,'1444126',1818,,725,7,,,0
3019,'1444142',918,,726,7,,,0
3019,'1444180',918,,727,7,,,0
3019,'1444241',1618,,728,7,,,0
3019,'1444339',2118,,729,7,,,0
3019,'1444435',1518,,730,7,,,0
3019,'1444530',818,,731,7,,,0
3019,'1444556',1218,,732,7,,,0
3019,'1444662',718,,733,7,,,0
3029,'1402545',1548,,734,7,,,0
3029,'1402556',1348,,735,7,,,0
3029,'1402591',848,,736,7,,,0
3029,'1402611',1948,,737,7,,,0
3029,'1402624',1448,,738,7,,,0
3029,'1402656',1248,,739,7,,,0
3029,'1402688',1748,,740,7,,,0
3029,'1402691',1648,,741,7,,,0
3029,'1402699',948,,742,7,,,0
3029,'1402712',1448,,743,7,,,0
3029,'1402767',1548,,744,7,,,0
3029,'1402779',1248,,745,7,,,0
3029,'1402786',748,,746,7,,,0
3029,'1402795',1748,,747,7,,,0
3029,'1402803',1048,,748,7,,,0
3029,'1402809',648,,749,7,,,0
3029,'1402841',948,,750,7,,,0
3029,'1402852',2148,,751,7,,,0
3029,'1402874',1848,,752,7,,,0
3029,'1402905',1048,,753,7,,,0
3029,'1402920',848,,754,7,,,0
3029,'1402929',1148,,755,7,,,0
3029,'1402937',1648,,756,7,,,0
3029,'1402949',1148,,757,7,,,0
3029,'1403010',2048,,758,7,,,0
3029,'1403018',1848,,759,7,,,0
3029,'1403044',1348,,760,7,,,0
3029,'1450947',1948,,594,7,,,0
