2019,'1467963',1952,,650,12,,,0
2019,'1467965',1252,,651,12,,,0
2019,'1467968',1522,,652,12,,,0
2019,'1467975',1022,,653,12,,,0
2019,'1467991',1222,,654,12,,,0
2019,'1467993',1652,,655,12,,,0
2019,'1467994',852,,656,12,,,0
2019,'1468003',1352,,657,12,,,0
2019,'1468007',2152,,658,12,,,0
2019,'1468017',922,,659,12,,,0
2019,'1468027',1522,,660,12,,,0
2019,'1468031',1452,,661,12,,,0
2019,'1468034',1752,,662,12,,,0
2019,'1468038',952,,663,12,,,0
2019,'1468046',952,,664,12,,,0
2019,'1468054',852,,665,12,,,0
2019,'1468079',822,,666,12,,,0
2019,'1468088',2022,,667,12,,,0
2019,'1468109',1222,,668,12,,,0
2019,'1468126',1652,,669,12,,,0
2019,'1468127',752,,670,12,,,0
2019,'1468129',1052,,671,12,,,0
2019,'1468134',1852,,672,12,,,0
2019,'1468156',1822,,673,12,,,0
2019,'1468158',1722,,674,12,,,0
2019,'1468169',1322,,675,12,,,0
2019,'1468197',1322,,676,12,,,0
2019,'1468238',1122,,677,12,,,0
2019,'1468240',922,,678,12,,,0
2019,'1468243',1822,,679,12,,,0
2019,'1468250',1352,,680,12,,,0
2019,'1468284',1122,,681,12,,,0
2019,'1468288',1252,,682,12,,,0
2019,'1468289',1422,,683,12,,,0
2019,'1468293',1052,,684,12,,,0
2019,'1468302',1152,,685,12,,,0
2019,'1468306',1622,,686,12,,,0
2019,'1468315',1752,,687,12,,,0
2019,'1468319',2052,,688,12,,,0
2019,'1468325',1922,,689,12,,,0
2019,'1468342',1422,,690,12,,,0
2019,'1468357',1022,,691,12,,,0
2019,'1468388',622,,692,12,,,0
2019,'1468398',1622,,693,12,,,0
2019,'1468402',1852,,694,12,,,0
2019,'1468403',2222,,695,12,,,0
2019,'1468408',1722,,696,12,,,0
2019,'1468420',1452,,697,12,,,0
2019,'1468421',652,,698,12,,,0
2019,'1468443',1552,,699,12,,,0
2019,'1468446',2122,,700,12,,,0
2019,'1468448',722,,701,12,,,0
2019,'1468453',1152,,702,12,,,0
2019,'1468457',1922,,703,12,,,0
2019,'1468479',1552,,704,12,,,0
2019,'1468482',1952,,705,12,,,0
