1019,'1456814',1435,,1,19,,,0
1019,'1456819',1605,,2,19,,,0
1019,'1456824',1835,,3,19,,,0
1019,'1456829',905,,4,19,,,0
1019,'1456834',935,,5,19,,,0
1019,'1456836',1835,,6,19,,,0
1019,'1456837',705,,7,19,,,0
1019,'1456840',1805,,8,19,,,0
1019,'1456877',935,,9,19,,,0
1019,'1456880',635,,10,19,,,0
1019,'1456889',1635,,11,19,,,0
1019,'1456915',1035,,12,19,,,0
1019,'1456918',1905,,13,19,,,0
1019,'1456919',1635,,14,19,,,0
1019,'1456920',2135,,15,19,,,0
1019,'1456950',835,,16,19,,,0
1019,'1456960',1205,,17,19,,,0
1019,'1456962',1305,,18,19,,,0
1019,'1456984',1105,,19,19,,,0
1019,'1456985',2035,,20,19,,,0
1019,'1457004',805,,21,19,,,0
1019,'1457017',1235,,22,19,,,0
1019,'1457020',1805,,23,19,,,0
1019,'1457022',1335,,24,19,,,0
1019,'1457029',2205,,25,19,,,0
1019,'1457030',2105,,26,19,,,0
1019,'1457036',1935,,27,19,,,0
1019,'1457038',1505,,28,19,,,0
1019,'1457041',1605,,29,19,,,0
1019,'1457072',905,,30,19,,,0
1019,'1457093',1535,,31,19,,,0
1019,'1457107',735,,32,19,,,0
1019,'1457111',1035,,33,19,,,0
1019,'1457122',1005,,34,19,,,0
1019,'1457126',2005,,35,19,,,0
1019,'1457134',1905,,36,19,,,0
1019,'1457138',1705,,37,19,,,0
1019,'1457157',1135,,38,19,,,0
1019,'1457178',1405,,39,19,,,0
1019,'1457184',1435,,40,19,,,0
1019,'1457201',1305,,41,19,,,0
1019,'1457203',1205,,42,19,,,0
1019,'1457208',2005,,43,19,,,0
1019,'1457212',1405,,44,19,,,0
1019,'1457238',1705,,45,19,,,0
1019,'1457256',1135,,46,19,,,0
1019,'1457268',1735,,47,19,,,0
1019,'1457283',1735,,48,19,,,0
1019,'1457290',2235,,49,19,,,0
1019,'1457302',1535,,50,19,,,0
1019,'1457309',1935,,51,19,,,0
1019,'1457336',1105,,52,19,,,0
1019,'1457337',1005,,53,19,,,0
1019,'1457368',1235,,54,19,,,0
1019,'1457373',1335,,55,19,,,0
1019,'1457382',1505,,56,19,,,0
