309,'1489542',631,,141,26,0,5 7,0
309,'1489543',731,,142,26,0,5 7,0
309,'1489544',831,,143,26,0,5 7,0
309,'1489545',931,,144,26,0,5 7,0
309,'1489546',1031,,145,26,0,5 7,0
309,'1489547',1131,,146,26,0,5 7,0
309,'1489548',1231,,147,26,0,5 7,0
309,'1489549',1331,,148,26,0,5 7,0
309,'1489550',1431,,149,26,0,5 7,0
309,'1489551',1531,,150,26,0,5 7,0
309,'1489552',1631,,151,26,0,5 7,0
309,'1489553',1731,,152,26,0,5 7,0
309,'1489554',1831,,153,26,0,5 7,0
309,'1489555',1931,,154,26,0,5 7,0
309,'1489556',2031,,155,26,0,5 7,0
309,'1489557',2131,,156,26,0,5 7,0
309,'1489558',2231,,157,26,0,5 7,0
309,'1489559',931,,158,26,0,5 7,0
309,'1489560',1031,,159,26,0,5 7,0
309,'1489561',1131,,160,26,0,5 7,0
309,'1489562',1231,,161,26,0,5 7,0
309,'1489563',1331,,162,26,0,5 7,0
309,'1489564',1431,,163,26,0,5 7,0
309,'1489565',1531,,164,26,0,5 7,0
309,'1489566',1631,,165,26,0,5 7,0
309,'1489567',1731,,166,26,0,5 7,0
309,'1489568',1831,,167,26,0,5 7,0
309,'1489569',1931,,168,26,0,5 7,0
