409,'1474077',616,,169,2,,,0
409,'1474078',646,,170,2,,,0
409,'1474079',716,,171,2,,,0
409,'1474080',746,,172,2,,,0
409,'1474081',816,,173,2,,,0
409,'1474082',846,,174,2,,,0
409,'1474083',916,,175,2,,,0
409,'1474084',946,,176,2,,,0
409,'1474085',1016,,177,2,,,0
409,'1474086',1046,,178,2,,,0
409,'1474087',1116,,179,2,,,0
409,'1474088',1146,,180,2,,,0
409,'1474089',1216,,181,2,,,0
409,'1474090',1246,,182,2,,,0
409,'1474091',1316,,183,2,,,0
409,'1474092',1346,,184,2,,,0
409,'1474093',1416,,185,2,,,0
409,'1474094',1446,,186,2,,,0
409,'1474095',1516,,187,2,,,0
409,'1474096',1546,,188,2,,,0
409,'1474097',1616,,189,2,,,0
409,'1474098',1646,,190,2,,,0
409,'1474099',1716,,191,2,,,0
409,'1474100',1746,,192,2,,,0
409,'1474101',1816,,193,2,,,0
409,'1474102',1846,,194,2,,,0
409,'1474103',1916,,195,2,,,0
409,'1474104',1946,,196,2,,,0
409,'1474105',2016,,197,2,,,0
409,'1474106',2046,,198,2,,,0
409,'1474107',2116,,199,2,,,0
409,'1474108',2146,,200,2,,,0
409,'1474109',2216,,201,2,,,0
409,'1474110',846,,202,2,,,0
409,'1474111',916,,203,2,,,0
409,'1474112',946,,204,2,,,0
409,'1474113',1016,,205,2,,,0
409,'1474114',1046,,206,2,,,0
409,'1474115',1116,,207,2,,,0
409,'1474116',1146,,208,2,,,0
409,'1474117',1216,,209,2,,,0
409,'1474118',1246,,210,2,,,0
409,'1474119',1316,,211,2,,,0
409,'1474120',1346,,212,2,,,0
409,'1474121',1416,,213,2,,,0
409,'1474122',1446,,214,2,,,0
409,'1474123',1516,,215,2,,,0
409,'1474124',1546,,216,2,,,0
409,'1474125',1616,,217,2,,,0
409,'1474126',1646,,218,2,,,0
409,'1474127',1716,,219,2,,,0
409,'1474128',1746,,220,2,,,0
409,'1474129',1816,,221,2,,,0
409,'1474130',1846,,222,2,,,0
409,'1474131',1916,,223,2,,,0
409,'1474132',1946,,224,2,,,0
709,'1442614',715,,449,2,,,0
709,'1442622',1945,,450,2,,,0
709,'1442670',2115,,451,2,,,0
709,'1442732',2015,,452,2,,,0
709,'1442767',1615,,453,2,,,0
709,'1442817',1645,,454,2,,,0
709,'1442848',1745,,455,2,,,0
709,'1442896',745,,456,2,,,0
709,'1442972',1915,,457,2,,,0
709,'1443069',1215,,458,2,,,0
709,'1443156',615,,459,2,,,0
709,'1443162',1345,,460,2,,,0
709,'1443179',1415,,461,2,,,0
709,'1443229',1245,,462,2,,,0
709,'1443345',1815,,463,2,,,0
709,'1443404',815,,464,2,,,0
709,'1443436',1145,,465,2,,,0
709,'1443487',1115,,466,2,,,0
709,'1443532',645,,467,2,,,0
709,'1443541',915,,468,2,,,0
709,'1443550',2215,,469,2,,,0
709,'1443573',1545,,470,2,,,0
709,'1443663',1015,,471,2,,,0
709,'1443697',945,,472,2,,,0
709,'1443868',845,,473,2,,,0
709,'1443959',1045,,474,2,,,0
709,'1443993',1315,,475,2,,,0
709,'1444109',1445,,476,2,,,0
709,'1444167',2045,,477,2,,,0
709,'1444230',1845,,478,2,,,0
709,'1444467',1715,,479,2,,,0
709,'1444493',1515,,480,2,,,0
709,'1444706',2145,,481,2,,,0
709,'1471238',846,,337,2,,,0
709,'1471239',916,,338,2,,,0
709,'1471240',946,,339,2,,,0
709,'1471241',1016,,340,2,,,0
709,'1471242',1046,,341,2,,,0
709,'1471243',1116,,342,2,,,0
709,'1471244',1146,,343,2,,,0
709,'1471245',1216,,344,2,,,0
709,'1471246',1246,,345,2,,,0
709,'1471247',1316,,346,2,,,0
709,'1471248',1346,,347,2,,,0
709,'1471249',1416,,348,2,,,0
709,'1471250',1446,,349,2,,,0
709,'1471251',1516,,350,2,,,0
709,'1471252',1546,,351,2,,,0
709,'1471253',1616,,352,2,,,0
709,'1471254',1646,,353,2,,,0
709,'1471255',1716,,354,2,,,0
709,'1471256',1746,,355,2,,,0
709,'1471257',1816,,356,2,,,0
709,'1471258',1846,,357,2,,,0
709,'1471259',1916,,358,2,,,0
709,'1471260',1946,,359,2,,,0
