309,'1470829',2010,,113,39,0,5 6,0
309,'1479876',711,,114,39,0,5 6,0
309,'1479877',811,,115,39,0,5 6,0
309,'1479878',911,,116,39,0,5 6,0
309,'1479879',1011,,117,39,0,5 6,0
309,'1479880',1111,,118,39,0,5 6,0
309,'1479881',1211,,119,39,0,5 6,0
309,'1479882',1311,,120,39,0,5 6,0
309,'1479883',1411,,121,39,0,5 6,0
309,'1479884',1511,,122,39,0,5 6,0
309,'1479885',1611,,123,39,0,5 6,0
309,'1479886',1711,,124,39,0,5 6,0
309,'1479887',1811,,125,39,0,5 6,0
309,'1479888',1911,,126,39,0,5 6,0
309,'1479889',2011,,127,39,0,5 6,0
309,'1479890',2111,,128,39,0,5 6,0
309,'1479891',2211,,129,39,0,5 6,0
309,'1479892',911,,130,39,0,5 6,0
309,'1479893',1011,,131,39,0,5 6,0
309,'1479894',1111,,132,39,0,5 6,0
309,'1479895',1211,,133,39,0,5 6,0
309,'1479896',1311,,134,39,0,5 6,0
309,'1479897',1411,,135,39,0,5 6,0
309,'1479898',1511,,136,39,0,5 6,0
309,'1479899',1611,,137,39,0,5 6,0
309,'1479900',1711,,138,39,0,5 6,0
309,'1479901',1811,,139,39,0,5 6,0
309,'1479902',1911,,140,39,0,5 6,0
309,'1489542',641,,141,40,0,5 7,0
309,'1489543',741,,142,40,0,5 7,0
309,'1489544',841,,143,40,0,5 7,0
309,'1489545',941,,144,40,0,5 7,0
309,'1489546',1041,,145,40,0,5 7,0
309,'1489547',1141,,146,40,0,5 7,0
309,'1489548',1241,,147,40,0,5 7,0
309,'1489549',1341,,148,40,0,5 7,0
309,'1489550',1441,,149,40,0,5 7,0
309,'1489551',1541,,150,40,0,5 7,0
309,'1489552',1641,,151,40,0,5 7,0
309,'1489553',1741,,152,40,0,5 7,0
309,'1489554',1841,,153,40,0,5 7,0
309,'1489555',1941,,154,40,0,5 7,0
309,'1489556',2041,,155,40,0,5 7,0
309,'1489557',2141,,156,40,0,5 7,0
309,'1489558',2241,,157,40,0,5 7,0
309,'1489559',941,,158,40,0,5 7,0
309,'1489560',1041,,159,40,0,5 7,0
309,'1489561',1141,,160,40,0,5 7,0
309,'1489562',1241,,161,40,0,5 7,0
309,'1489563',1341,,162,40,0,5 7,0
309,'1489564',1441,,163,40,0,5 7,0
309,'1489565',1541,,164,40,0,5 7,0
309,'1489566',1641,,165,40,0,5 7,0
309,'1489567',1741,,166,40,0,5 7,0
309,'1489568',1841,,167,40,0,5 7,0
309,'1489569',1941,,168,40,0,5 7,0
