809,'1489412',626,,281,9,,,0
809,'1489413',656,,282,9,,,0
809,'1489414',726,,283,9,,,0
809,'1489415',756,,284,9,,,0
809,'1489416',826,,285,9,,,0
809,'1489417',856,,286,9,,,0
809,'1489418',926,,287,9,,,0
809,'1489419',956,,288,9,,,0
809,'1489420',1026,,289,9,,,0
809,'1489421',1056,,290,9,,,0
809,'1489422',1126,,291,9,,,0
809,'1489423',1156,,292,9,,,0
809,'1489424',1226,,293,9,,,0
809,'1489425',1256,,294,9,,,0
809,'1489426',1326,,295,9,,,0
809,'1489427',1356,,296,9,,,0
809,'1489428',1426,,297,9,,,0
809,'1489429',1456,,298,9,,,0
809,'1489430',1526,,299,9,,,0
809,'1489431',1556,,300,9,,,0
809,'1489432',1626,,301,9,,,0
809,'1489433',1656,,302,9,,,0
809,'1489434',1726,,303,9,,,0
809,'1489435',1756,,304,9,,,0
809,'1489436',1826,,305,9,,,0
809,'1489437',1856,,306,9,,,0
809,'1489438',1926,,307,9,,,0
809,'1489439',1956,,308,9,,,0
809,'1489440',2026,,309,9,,,0
809,'1489441',2056,,310,9,,,0
809,'1489442',2126,,311,9,,,0
809,'1489443',2156,,312,9,,,0
809,'1489444',2226,,313,9,,,0
809,'1489445',856,,314,9,,,0
809,'1489446',926,,315,9,,,0
809,'1489447',956,,316,9,,,0
809,'1489448',1026,,317,9,,,0
809,'1489449',1056,,318,9,,,0
809,'1489450',1126,,319,9,,,0
809,'1489451',1156,,320,9,,,0
809,'1489452',1226,,321,9,,,0
809,'1489453',1256,,322,9,,,0
809,'1489454',1326,,323,9,,,0
809,'1489455',1356,,324,9,,,0
809,'1489456',1426,,325,9,,,0
809,'1489457',1456,,326,9,,,0
809,'1489458',1526,,327,9,,,0
809,'1489459',1556,,328,9,,,0
809,'1489460',1626,,329,9,,,0
809,'1489461',1656,,330,9,,,0
809,'1489462',1726,,331,9,,,0
809,'1489463',1756,,332,9,,,0
809,'1489464',1826,,333,9,,,0
809,'1489465',1856,,334,9,,,0
809,'1489466',1926,,335,9,,,0
809,'1489467',1956,,336,9,,,0
