409,'1474077',626,,169,18,,,0
409,'1474078',656,,170,18,,,0
409,'1474079',726,,171,18,,,0
409,'1474080',756,,172,18,,,0
409,'1474081',826,,173,18,,,0
409,'1474082',856,,174,18,,,0
409,'1474083',926,,175,18,,,0
409,'1474084',956,,176,18,,,0
409,'1474085',1026,,177,18,,,0
409,'1474086',1056,,178,18,,,0
409,'1474087',1126,,179,18,,,0
409,'1474088',1156,,180,18,,,0
409,'1474089',1226,,181,18,,,0
409,'1474090',1256,,182,18,,,0
409,'1474091',1326,,183,18,,,0
409,'1474092',1356,,184,18,,,0
409,'1474093',1426,,185,18,,,0
409,'1474094',1456,,186,18,,,0
409,'1474095',1526,,187,18,,,0
409,'1474096',1556,,188,18,,,0
409,'1474097',1626,,189,18,,,0
409,'1474098',1656,,190,18,,,0
409,'1474099',1726,,191,18,,,0
409,'1474100',1756,,192,18,,,0
409,'1474101',1826,,193,18,,,0
409,'1474102',1856,,194,18,,,0
409,'1474103',1926,,195,18,,,0
409,'1474104',1956,,196,18,,,0
409,'1474105',2026,,197,18,,,0
409,'1474106',2056,,198,18,,,0
409,'1474107',2126,,199,18,,,0
409,'1474108',2156,,200,18,,,0
409,'1474109',2226,,201,18,,,0
409,'1474110',856,,202,18,,,0
409,'1474111',926,,203,18,,,0
409,'1474112',956,,204,18,,,0
409,'1474113',1026,,205,18,,,0
409,'1474114',1056,,206,18,,,0
409,'1474115',1126,,207,18,,,0
409,'1474116',1156,,208,18,,,0
409,'1474117',1226,,209,18,,,0
409,'1474118',1256,,210,18,,,0
409,'1474119',1326,,211,18,,,0
409,'1474120',1356,,212,18,,,0
409,'1474121',1426,,213,18,,,0
409,'1474122',1456,,214,18,,,0
409,'1474123',1526,,215,18,,,0
409,'1474124',1556,,216,18,,,0
409,'1474125',1626,,217,18,,,0
409,'1474126',1656,,218,18,,,0
409,'1474127',1726,,219,18,,,0
409,'1474128',1756,,220,18,,,0
409,'1474129',1826,,221,18,,,0
409,'1474130',1856,,222,18,,,0
409,'1474131',1926,,223,18,,,0
409,'1474132',1956,,224,18,,,0
