309,'1450947',1946,,594,4,0,5 6,0
309,'1492333',616,,595,4,0,5 7,0
309,'1492334',716,,596,4,0,5 7,0
309,'1492335',816,,597,4,0,5 7,0
309,'1492336',916,,598,4,0,5 7,0
309,'1492337',1016,,599,4,0,5 7,0
309,'1492338',1116,,600,4,0,5 7,0
309,'1492339',1216,,601,4,0,5 7,0
309,'1492340',1316,,602,4,0,5 7,0
309,'1492341',1416,,603,4,0,5 7,0
309,'1492342',1516,,604,4,0,5 7,0
309,'1492343',1616,,605,4,0,5 7,0
309,'1492344',1716,,606,4,0,5 7,0
309,'1492345',1816,,607,4,0,5 7,0
309,'1492346',1916,,608,4,0,5 7,0
309,'1492347',2016,,609,4,0,5 7,0
309,'1492348',2116,,610,4,0,5 7,0
309,'1492349',2216,,611,4,0,5 7,0
309,'1492350',916,,612,4,0,5 7,0
309,'1492351',1016,,613,4,0,5 7,0
309,'1492352',1116,,614,4,0,5 7,0
309,'1492353',1216,,615,4,0,5 7,0
309,'1492354',1316,,616,4,0,5 7,0
309,'1492355',1416,,617,4,0,5 7,0
309,'1492356',1516,,618,4,0,5 7,0
309,'1492357',1616,,619,4,0,5 7,0
309,'1492358',1716,,620,4,0,5 7,0
309,'1492359',1816,,621,4,0,5 7,0
309,'1492360',1916,,622,4,0,5 7,0
309,'1492361',646,,623,4,0,5 6,0
309,'1492362',746,,624,4,0,5 6,0
309,'1492363',846,,625,4,0,5 6,0
309,'1492364',946,,626,4,0,5 6,0
309,'1492365',1046,,627,4,0,5 6,0
309,'1492366',1146,,628,4,0,5 6,0
309,'1492367',1246,,629,4,0,5 6,0
309,'1492368',1346,,630,4,0,5 6,0
309,'1492369',1446,,631,4,0,5 6,0
309,'1492370',1546,,632,4,0,5 6,0
309,'1492371',1646,,633,4,0,5 6,0
309,'1492372',1746,,634,4,0,5 6,0
309,'1492373',1846,,635,4,0,5 6,0
309,'1492374',1946,,636,4,0,5 6,0
309,'1492375',2046,,637,4,0,5 6,0
309,'1492376',2146,,638,4,0,5 6,0
309,'1492377',846,,639,4,0,5 6,0
309,'1492378',946,,640,4,0,5 6,0
309,'1492379',1046,,641,4,0,5 6,0
309,'1492380',1146,,642,4,0,5 6,0
309,'1492381',1246,,643,4,0,5 6,0
309,'1492382',1346,,644,4,0,5 6,0
309,'1492383',1446,,645,4,0,5 6,0
309,'1492384',1546,,646,4,0,5 6,0
309,'1492385',1646,,647,4,0,5 6,0
309,'1492386',1746,,648,4,0,5 6,0
309,'1492387',1846,,649,4,0,5 6,0
