4019,'1492568',633,,761,24,,,0
4019,'1492569',703,,762,24,,,0
4019,'1492570',733,,763,24,,,0
4019,'1492571',803,,764,24,,,0
4019,'1492572',833,,765,24,,,0
4019,'1492573',903,,766,24,,,0
4019,'1492574',933,,767,24,,,0
4019,'1492575',1003,,768,24,,,0
4019,'1492576',1033,,769,24,,,0
4019,'1492577',1103,,770,24,,,0
4019,'1492578',1133,,771,24,,,0
4019,'1492579',1203,,772,24,,,0
4019,'1492580',1233,,773,24,,,0
4019,'1492581',1303,,774,24,,,0
4019,'1492582',1333,,775,24,,,0
4019,'1492583',1403,,776,24,,,0
4019,'1492584',1433,,777,24,,,0
4019,'1492585',1503,,778,24,,,0
4019,'1492586',1533,,779,24,,,0
4019,'1492587',1603,,780,24,,,0
4019,'1492588',1633,,781,24,,,0
4019,'1492589',1703,,782,24,,,0
4019,'1492590',1733,,783,24,,,0
4019,'1492591',1803,,784,24,,,0
4019,'1492592',1833,,785,24,,,0
4019,'1492593',1903,,786,24,,,0
4019,'1492594',1933,,787,24,,,0
4019,'1492595',2003,,788,24,,,0
4019,'1492596',2033,,789,24,,,0
4019,'1492597',2103,,790,24,,,0
4019,'1492598',2133,,791,24,,,0
4019,'1492599',2203,,792,24,,,0
4019,'1492600',2233,,793,24,,,0
4019,'1492601',903,,794,24,,,0
4019,'1492602',933,,795,24,,,0
4019,'1492603',1003,,796,24,,,0
4019,'1492604',1033,,797,24,,,0
4019,'1492605',1103,,798,24,,,0
4019,'1492606',1133,,799,24,,,0
4019,'1492607',1203,,800,24,,,0
4019,'1492608',1233,,801,24,,,0
4019,'1492609',1303,,802,24,,,0
4019,'1492610',1333,,803,24,,,0
4019,'1492611',1403,,804,24,,,0
4019,'1492612',1433,,805,24,,,0
4019,'1492613',1503,,806,24,,,0
4019,'1492614',1533,,807,24,,,0
4019,'1492615',1603,,808,24,,,0
4019,'1492616',1633,,809,24,,,0
4019,'1492617',1703,,810,24,,,0
4019,'1492618',1733,,811,24,,,0
4019,'1492619',1803,,812,24,,,0
4019,'1492620',1833,,813,24,,,0
4019,'1492621',1903,,814,24,,,0
4019,'1492622',1933,,815,24,,,0
4019,'1492623',2003,,816,24,,,0
