109,'1456814',1416,,1,3,,,0
109,'1456819',1546,,2,3,,,0
109,'1456824',1816,,3,3,,,0
109,'1456829',846,,4,3,,,0
109,'1456834',916,,5,3,,,0
109,'1456836',1816,,6,3,,,0
109,'1456837',646,,7,3,,,0
109,'1456840',1746,,8,3,,,0
109,'1456877',916,,9,3,,,0
109,'1456880',616,,10,3,,,0
109,'1456889',1616,,11,3,,,0
109,'1456915',1016,,12,3,,,0
109,'1456918',1846,,13,3,,,0
109,'1456919',1616,,14,3,,,0
109,'1456920',2116,,15,3,,,0
109,'1456950',816,,16,3,,,0
109,'1456960',1146,,17,3,,,0
109,'1456962',1246,,18,3,,,0
109,'1456984',1046,,19,3,,,0
109,'1456985',2016,,20,3,,,0
109,'1457004',746,,21,3,,,0
109,'1457017',1216,,22,3,,,0
109,'1457020',1746,,23,3,,,0
109,'1457022',1316,,24,3,,,0
109,'1457029',2146,,25,3,,,0
109,'1457030',2046,,26,3,,,0
109,'1457036',1916,,27,3,,,0
109,'1457038',1446,,28,3,,,0
109,'1457041',1546,,29,3,,,0
109,'1457072',846,,30,3,,,0
109,'1457093',1516,,31,3,,,0
109,'1457107',716,,32,3,,,0
109,'1457111',1016,,33,3,,,0
109,'1457122',946,,34,3,,,0
109,'1457126',1946,,35,3,,,0
109,'1457134',1846,,36,3,,,0
109,'1457138',1646,,37,3,,,0
109,'1457157',1116,,38,3,,,0
109,'1457178',1346,,39,3,,,0
109,'1457184',1416,,40,3,,,0
109,'1457201',1246,,41,3,,,0
109,'1457203',1146,,42,3,,,0
109,'1457208',1946,,43,3,,,0
109,'1457212',1346,,44,3,,,0
109,'1457238',1646,,45,3,,,0
109,'1457256',1116,,46,3,,,0
109,'1457268',1716,,47,3,,,0
109,'1457283',1716,,48,3,,,0
109,'1457290',2216,,49,3,,,0
109,'1457302',1516,,50,3,,,0
109,'1457309',1916,,51,3,,,0
109,'1457336',1046,,52,3,,,0
109,'1457337',946,,53,3,,,0
109,'1457368',1216,,54,3,,,0
109,'1457373',1316,,55,3,,,0
109,'1457382',1446,,56,3,,,0
