809,'1489412',631,,281,16,,,0
809,'1489413',701,,282,16,,,0
809,'1489414',731,,283,16,,,0
809,'1489415',801,,284,16,,,0
809,'1489416',831,,285,16,,,0
809,'1489417',901,,286,16,,,0
809,'1489418',931,,287,16,,,0
809,'1489419',1001,,288,16,,,0
809,'1489420',1031,,289,16,,,0
809,'1489421',1101,,290,16,,,0
809,'1489422',1131,,291,16,,,0
809,'1489423',1201,,292,16,,,0
809,'1489424',1231,,293,16,,,0
809,'1489425',1301,,294,16,,,0
809,'1489426',1331,,295,16,,,0
809,'1489427',1401,,296,16,,,0
809,'1489428',1431,,297,16,,,0
809,'1489429',1501,,298,16,,,0
809,'1489430',1531,,299,16,,,0
809,'1489431',1601,,300,16,,,0
809,'1489432',1631,,301,16,,,0
809,'1489433',1701,,302,16,,,0
809,'1489434',1731,,303,16,,,0
809,'1489435',1801,,304,16,,,0
809,'1489436',1831,,305,16,,,0
809,'1489437',1901,,306,16,,,0
809,'1489438',1931,,307,16,,,0
809,'1489439',2001,,308,16,,,0
809,'1489440',2031,,309,16,,,0
809,'1489441',2101,,310,16,,,0
809,'1489442',2131,,311,16,,,0
809,'1489443',2201,,312,16,,,0
809,'1489444',2231,,313,16,,,0
809,'1489445',901,,314,16,,,0
809,'1489446',931,,315,16,,,0
809,'1489447',1001,,316,16,,,0
809,'1489448',1031,,317,16,,,0
809,'1489449',1101,,318,16,,,0
809,'1489450',1131,,319,16,,,0
809,'1489451',1201,,320,16,,,0
809,'1489452',1231,,321,16,,,0
809,'1489453',1301,,322,16,,,0
809,'1489454',1331,,323,16,,,0
809,'1489455',1401,,324,16,,,0
809,'1489456',1431,,325,16,,,0
809,'1489457',1501,,326,16,,,0
809,'1489458',1531,,327,16,,,0
809,'1489459',1601,,328,16,,,0
809,'1489460',1631,,329,16,,,0
809,'1489461',1701,,330,16,,,0
809,'1489462',1731,,331,16,,,0
809,'1489463',1801,,332,16,,,0
809,'1489464',1831,,333,16,,,0
809,'1489465',1901,,334,16,,,0
809,'1489466',1931,,335,16,,,0
809,'1489467',2001,,336,16,,,0
