2019,'1467963',2002,,650,34,,,0
2019,'1467965',1302,,651,34,,,0
2019,'1467968',1532,,652,34,,,0
2019,'1467975',1032,,653,34,,,0
2019,'1467991',1232,,654,34,,,0
2019,'1467993',1702,,655,34,,,0
2019,'1467994',902,,656,34,,,0
2019,'1468003',1402,,657,34,,,0
2019,'1468007',2202,,658,34,,,0
2019,'1468017',932,,659,34,,,0
2019,'1468027',1532,,660,34,,,0
2019,'1468031',1502,,661,34,,,0
2019,'1468034',1802,,662,34,,,0
2019,'1468038',1002,,663,34,,,0
2019,'1468046',1002,,664,34,,,0
2019,'1468054',902,,665,34,,,0
2019,'1468079',832,,666,34,,,0
2019,'1468088',2032,,667,34,,,0
2019,'1468109',1232,,668,34,,,0
2019,'1468126',1702,,669,34,,,0
2019,'1468127',802,,670,34,,,0
2019,'1468129',1102,,671,34,,,0
2019,'1468134',1902,,672,34,,,0
2019,'1468156',1832,,673,34,,,0
2019,'1468158',1732,,674,34,,,0
2019,'1468169',1332,,675,34,,,0
2019,'1468197',1332,,676,34,,,0
2019,'1468238',1132,,677,34,,,0
2019,'1468240',932,,678,34,,,0
2019,'1468243',1832,,679,34,,,0
2019,'1468250',1402,,680,34,,,0
2019,'1468284',1132,,681,34,,,0
2019,'1468288',1302,,682,34,,,0
2019,'1468289',1432,,683,34,,,0
2019,'1468293',1102,,684,34,,,0
2019,'1468302',1202,,685,34,,,0
2019,'1468306',1632,,686,34,,,0
2019,'1468315',1802,,687,34,,,0
2019,'1468319',2102,,688,34,,,0
2019,'1468325',1932,,689,34,,,0
2019,'1468342',1432,,690,34,,,0
2019,'1468357',1032,,691,34,,,0
2019,'1468388',632,,692,34,,,0
2019,'1468398',1632,,693,34,,,0
2019,'1468402',1902,,694,34,,,0
2019,'1468403',2232,,695,34,,,0
2019,'1468408',1732,,696,34,,,0
2019,'1468420',1502,,697,34,,,0
2019,'1468421',702,,698,34,,,0
2019,'1468443',1602,,699,34,,,0
2019,'1468446',2132,,700,34,,,0
2019,'1468448',732,,701,34,,,0
2019,'1468453',1202,,702,34,,,0
2019,'1468457',1932,,703,34,,,0
2019,'1468479',1602,,704,34,,,0
2019,'1468482',2002,,705,34,,,0
