109,'1456814',1417,,1,4,,,0
109,'1456819',1547,,2,4,,,0
109,'1456824',1817,,3,4,,,0
109,'1456829',847,,4,4,,,0
109,'1456834',917,,5,4,,,0
109,'1456836',1817,,6,4,,,0
109,'1456837',647,,7,4,,,0
109,'1456840',1747,,8,4,,,0
109,'1456877',917,,9,4,,,0
109,'1456880',617,,10,4,,,0
109,'1456889',1617,,11,4,,,0
109,'1456915',1017,,12,4,,,0
109,'1456918',1847,,13,4,,,0
109,'1456919',1617,,14,4,,,0
109,'1456920',2117,,15,4,,,0
109,'1456950',817,,16,4,,,0
109,'1456960',1147,,17,4,,,0
109,'1456962',1247,,18,4,,,0
109,'1456984',1047,,19,4,,,0
109,'1456985',2017,,20,4,,,0
109,'1457004',747,,21,4,,,0
109,'1457017',1217,,22,4,,,0
109,'1457020',1747,,23,4,,,0
109,'1457022',1317,,24,4,,,0
109,'1457029',2147,,25,4,,,0
109,'1457030',2047,,26,4,,,0
109,'1457036',1917,,27,4,,,0
109,'1457038',1447,,28,4,,,0
109,'1457041',1547,,29,4,,,0
109,'1457072',847,,30,4,,,0
109,'1457093',1517,,31,4,,,0
109,'1457107',717,,32,4,,,0
109,'1457111',1017,,33,4,,,0
109,'1457122',947,,34,4,,,0
109,'1457126',1947,,35,4,,,0
109,'1457134',1847,,36,4,,,0
109,'1457138',1647,,37,4,,,0
109,'1457157',1117,,38,4,,,0
109,'1457178',1347,,39,4,,,0
109,'1457184',1417,,40,4,,,0
109,'1457201',1247,,41,4,,,0
109,'1457203',1147,,42,4,,,0
109,'1457208',1947,,43,4,,,0
109,'1457212',1347,,44,4,,,0
109,'1457238',1647,,45,4,,,0
109,'1457256',1117,,46,4,,,0
109,'1457268',1717,,47,4,,,0
109,'1457283',1717,,48,4,,,0
109,'1457290',2217,,49,4,,,0
109,'1457302',1517,,50,4,,,0
109,'1457309',1917,,51,4,,,0
109,'1457336',1047,,52,4,,,0
109,'1457337',947,,53,4,,,0
109,'1457368',1217,,54,4,,,0
109,'1457373',1317,,55,4,,,0
109,'1457382',1447,,56,4,,,0
