3019,'1442631',1136,,706,34,,,0
3019,'1442675',1436,,707,34,,,0
3019,'1442733',1136,,708,34,,,0
3019,'1442752',2036,,709,34,,,0
3019,'1443103',1836,,710,34,,,0
3019,'1443204',1036,,711,34,,,0
3019,'1443220',1536,,712,34,,,0
3019,'1443234',2236,,713,34,,,0
3019,'1443313',1936,,714,34,,,0
3019,'1443385',1236,,715,34,,,0
3019,'1443475',1736,,716,34,,,0
3019,'1443501',1636,,717,34,,,0
3019,'1443646',636,,718,34,,,0
3019,'1443682',1336,,719,34,,,0
3019,'1443691',1736,,720,34,,,0
3019,'1443873',1936,,721,34,,,0
3019,'1443914',1336,,722,34,,,0
3019,'1443932',1036,,723,34,,,0
3019,'1444023',1436,,724,34,,,0
3019,'1444126',1836,,725,34,,,0
3019,'1444142',936,,726,34,,,0
3019,'1444180',936,,727,34,,,0
3019,'1444241',1636,,728,34,,,0
3019,'1444339',2136,,729,34,,,0
3019,'1444435',1536,,730,34,,,0
3019,'1444530',836,,731,34,,,0
3019,'1444556',1236,,732,34,,,0
3019,'1444662',736,,733,34,,,0
3029,'1402545',1606,,734,33,,,0
3029,'1402556',1406,,735,33,,,0
3029,'1402591',906,,736,33,,,0
3029,'1402611',2006,,737,33,,,0
3029,'1402624',1506,,738,33,,,0
3029,'1402656',1306,,739,33,,,0
3029,'1402688',1806,,740,33,,,0
3029,'1402691',1706,,741,33,,,0
3029,'1402699',1006,,742,33,,,0
3029,'1402712',1506,,743,33,,,0
3029,'1402767',1606,,744,33,,,0
3029,'1402779',1306,,745,33,,,0
3029,'1402786',806,,746,33,,,0
3029,'1402795',1806,,747,33,,,0
3029,'1402803',1106,,748,33,,,0
3029,'1402809',706,,749,33,,,0
3029,'1402841',1006,,750,33,,,0
3029,'1402852',2206,,751,33,,,0
3029,'1402874',1906,,752,33,,,0
3029,'1402905',1106,,753,33,,,0
3029,'1402920',906,,754,33,,,0
3029,'1402929',1206,,755,33,,,0
3029,'1402937',1706,,756,33,,,0
3029,'1402949',1206,,757,33,,,0
3029,'1403010',2106,,758,33,,,0
3029,'1403018',1906,,759,33,,,0
3029,'1403044',1406,,760,33,,,0
3029,'1450947',2005,,594,33,,,0
