4019,'1492568',625,,761,15,,,0
4019,'1492569',655,,762,15,,,0
4019,'1492570',725,,763,15,,,0
4019,'1492571',755,,764,15,,,0
4019,'1492572',825,,765,15,,,0
4019,'1492573',855,,766,15,,,0
4019,'1492574',925,,767,15,,,0
4019,'1492575',955,,768,15,,,0
4019,'1492576',1025,,769,15,,,0
4019,'1492577',1055,,770,15,,,0
4019,'1492578',1125,,771,15,,,0
4019,'1492579',1155,,772,15,,,0
4019,'1492580',1225,,773,15,,,0
4019,'1492581',1255,,774,15,,,0
4019,'1492582',1325,,775,15,,,0
4019,'1492583',1355,,776,15,,,0
4019,'1492584',1425,,777,15,,,0
4019,'1492585',1455,,778,15,,,0
4019,'1492586',1525,,779,15,,,0
4019,'1492587',1555,,780,15,,,0
4019,'1492588',1625,,781,15,,,0
4019,'1492589',1655,,782,15,,,0
4019,'1492590',1725,,783,15,,,0
4019,'1492591',1755,,784,15,,,0
4019,'1492592',1825,,785,15,,,0
4019,'1492593',1855,,786,15,,,0
4019,'1492594',1925,,787,15,,,0
4019,'1492595',1955,,788,15,,,0
4019,'1492596',2025,,789,15,,,0
4019,'1492597',2055,,790,15,,,0
4019,'1492598',2125,,791,15,,,0
4019,'1492599',2155,,792,15,,,0
4019,'1492600',2225,,793,15,,,0
4019,'1492601',855,,794,15,,,0
4019,'1492602',925,,795,15,,,0
4019,'1492603',955,,796,15,,,0
4019,'1492604',1025,,797,15,,,0
4019,'1492605',1055,,798,15,,,0
4019,'1492606',1125,,799,15,,,0
4019,'1492607',1155,,800,15,,,0
4019,'1492608',1225,,801,15,,,0
4019,'1492609',1255,,802,15,,,0
4019,'1492610',1325,,803,15,,,0
4019,'1492611',1355,,804,15,,,0
4019,'1492612',1425,,805,15,,,0
4019,'1492613',1455,,806,15,,,0
4019,'1492614',1525,,807,15,,,0
4019,'1492615',1555,,808,15,,,0
4019,'1492616',1625,,809,15,,,0
4019,'1492617',1655,,810,15,,,0
4019,'1492618',1725,,811,15,,,0
4019,'1492619',1755,,812,15,,,0
4019,'1492620',1825,,813,15,,,0
4019,'1492621',1855,,814,15,,,0
4019,'1492622',1925,,815,15,,,0
4019,'1492623',1955,,816,15,,,0
