209,'1467963',1950,,393,6,,,0
209,'1467965',1250,,394,6,,,0
209,'1467968',1520,,395,6,,,0
209,'1467975',1020,,396,6,,,0
209,'1467991',1220,,397,6,,,0
209,'1467993',1650,,398,6,,,0
209,'1467994',850,,399,6,,,0
209,'1468003',1350,,400,6,,,0
209,'1468007',2150,,401,6,,,0
209,'1468017',920,,402,6,,,0
209,'1468027',1520,,403,6,,,0
209,'1468031',1450,,404,6,,,0
209,'1468034',1750,,405,6,,,0
209,'1468038',950,,406,6,,,0
209,'1468046',950,,407,6,,,0
209,'1468054',850,,408,6,,,0
209,'1468079',820,,409,6,,,0
209,'1468088',2020,,410,6,,,0
209,'1468109',1220,,411,6,,,0
209,'1468126',1650,,412,6,,,0
209,'1468127',750,,413,6,,,0
209,'1468129',1050,,414,6,,,0
209,'1468134',1850,,415,6,,,0
209,'1468156',1820,,416,6,,,0
209,'1468158',1720,,417,6,,,0
209,'1468169',1320,,418,6,,,0
209,'1468197',1320,,419,6,,,0
209,'1468238',1120,,420,6,,,0
209,'1468240',920,,421,6,,,0
209,'1468243',1820,,422,6,,,0
209,'1468250',1350,,423,6,,,0
209,'1468284',1120,,424,6,,,0
209,'1468288',1250,,425,6,,,0
209,'1468289',1420,,426,6,,,0
209,'1468293',1050,,427,6,,,0
209,'1468302',1150,,428,6,,,0
209,'1468306',1620,,429,6,,,0
209,'1468315',1750,,430,6,,,0
209,'1468319',2050,,431,6,,,0
209,'1468325',1920,,432,6,,,0
209,'1468342',1420,,433,6,,,0
209,'1468357',1020,,434,6,,,0
209,'1468388',620,,435,6,,,0
209,'1468398',1620,,436,6,,,0
209,'1468402',1850,,437,6,,,0
209,'1468403',2220,,438,6,,,0
209,'1468408',1720,,439,6,,,0
209,'1468420',1450,,440,6,,,0
209,'1468421',650,,441,6,,,0
209,'1468443',1550,,442,6,,,0
209,'1468446',2120,,443,6,,,0
209,'1468448',720,,444,6,,,0
209,'1468453',1150,,445,6,,,0
209,'1468457',1920,,446,6,,,0
209,'1468479',1550,,447,6,,,0
209,'1468482',1950,,448,6,,,0
