809,'1489412',628,,281,13,,,0
809,'1489413',658,,282,13,,,0
809,'1489414',728,,283,13,,,0
809,'1489415',758,,284,13,,,0
809,'1489416',828,,285,13,,,0
809,'1489417',858,,286,13,,,0
809,'1489418',928,,287,13,,,0
809,'1489419',958,,288,13,,,0
809,'1489420',1028,,289,13,,,0
809,'1489421',1058,,290,13,,,0
809,'1489422',1128,,291,13,,,0
809,'1489423',1158,,292,13,,,0
809,'1489424',1228,,293,13,,,0
809,'1489425',1258,,294,13,,,0
809,'1489426',1328,,295,13,,,0
809,'1489427',1358,,296,13,,,0
809,'1489428',1428,,297,13,,,0
809,'1489429',1458,,298,13,,,0
809,'1489430',1528,,299,13,,,0
809,'1489431',1558,,300,13,,,0
809,'1489432',1628,,301,13,,,0
809,'1489433',1658,,302,13,,,0
809,'1489434',1728,,303,13,,,0
809,'1489435',1758,,304,13,,,0
809,'1489436',1828,,305,13,,,0
809,'1489437',1858,,306,13,,,0
809,'1489438',1928,,307,13,,,0
809,'1489439',1958,,308,13,,,0
809,'1489440',2028,,309,13,,,0
809,'1489441',2058,,310,13,,,0
809,'1489442',2128,,311,13,,,0
809,'1489443',2158,,312,13,,,0
809,'1489444',2228,,313,13,,,0
809,'1489445',858,,314,13,,,0
809,'1489446',928,,315,13,,,0
809,'1489447',958,,316,13,,,0
809,'1489448',1028,,317,13,,,0
809,'1489449',1058,,318,13,,,0
809,'1489450',1128,,319,13,,,0
809,'1489451',1158,,320,13,,,0
809,'1489452',1228,,321,13,,,0
809,'1489453',1258,,322,13,,,0
809,'1489454',1328,,323,13,,,0
809,'1489455',1358,,324,13,,,0
809,'1489456',1428,,325,13,,,0
809,'1489457',1458,,326,13,,,0
809,'1489458',1528,,327,13,,,0
809,'1489459',1558,,328,13,,,0
809,'1489460',1628,,329,13,,,0
809,'1489461',1658,,330,13,,,0
809,'1489462',1728,,331,13,,,0
809,'1489463',1758,,332,13,,,0
809,'1489464',1828,,333,13,,,0
809,'1489465',1858,,334,13,,,0
809,'1489466',1928,,335,13,,,0
809,'1489467',1958,,336,13,,,0
