209,'1457470',1621,,57,7,,,0
209,'1457478',1821,,58,7,,,0
209,'1457483',1521,,59,7,,,0
209,'1457489',2221,,60,7,,,0
209,'1457510',1221,,61,7,,,0
209,'1457518',921,,62,7,,,0
209,'1457527',1651,,63,7,,,0
209,'1457529',751,,64,7,,,0
209,'1457565',621,,65,7,,,0
209,'1457573',2121,,66,7,,,0
209,'1457608',2021,,67,7,,,0
209,'1457622',1751,,68,7,,,0
209,'1457643',2151,,69,7,,,0
209,'1457651',1851,,70,7,,,0
209,'1457697',1451,,71,7,,,0
209,'1457706',1021,,72,7,,,0
209,'1457736',1321,,73,7,,,0
209,'1457789',951,,74,7,,,0
209,'1457792',851,,75,7,,,0
209,'1457805',1551,,76,7,,,0
209,'1457813',1051,,77,7,,,0
209,'1457840',1351,,78,7,,,0
209,'1457842',2051,,79,7,,,0
209,'1457892',821,,80,7,,,0
209,'1457903',1251,,81,7,,,0
209,'1457922',1121,,82,7,,,0
209,'1457963',1721,,83,7,,,0
209,'1457979',1951,,84,7,,,0
209,'1458006',1421,,85,7,,,0
209,'1458025',651,,86,7,,,0
209,'1458029',1921,,87,7,,,0
209,'1458032',1151,,88,7,,,0
209,'1458046',721,,89,7,,,0
209,'1469168',851,,90,7,,,0
209,'1469169',921,,91,7,,,0
209,'1469170',951,,92,7,,,0
209,'1469171',1021,,93,7,,,0
209,'1469172',1051,,94,7,,,0
209,'1469173',1121,,95,7,,,0
209,'1469174',1151,,96,7,,,0
209,'1469175',1221,,97,7,,,0
209,'1469176',1251,,98,7,,,0
209,'1469177',1321,,99,7,,,0
209,'1469178',1351,,100,7,,,0
209,'1469179',1421,,101,7,,,0
209,'1469180',1451,,102,7,,,0
209,'1469181',1521,,103,7,,,0
209,'1469182',1551,,104,7,,,0
209,'1469183',1621,,105,7,,,0
209,'1469184',1651,,106,7,,,0
209,'1469185',1721,,107,7,,,0
209,'1469186',1751,,108,7,,,0
209,'1469187',1821,,109,7,,,0
209,'1469188',1851,,110,7,,,0
209,'1469189',1921,,111,7,,,0
209,'1469190',1951,,112,7,,,0
