209,'1467963',2005,,393,38,,,0
209,'1467965',1305,,394,38,,,0
209,'1467968',1535,,395,38,,,0
209,'1467975',1035,,396,38,,,0
209,'1467991',1235,,397,38,,,0
209,'1467993',1705,,398,38,,,0
209,'1467994',905,,399,38,,,0
209,'1468003',1405,,400,38,,,0
209,'1468007',2205,,401,38,,,0
209,'1468017',935,,402,38,,,0
209,'1468027',1535,,403,38,,,0
209,'1468031',1505,,404,38,,,0
209,'1468034',1805,,405,38,,,0
209,'1468038',1005,,406,38,,,0
209,'1468046',1005,,407,38,,,0
209,'1468054',905,,408,38,,,0
209,'1468079',835,,409,38,,,0
209,'1468088',2035,,410,38,,,0
209,'1468109',1235,,411,38,,,0
209,'1468126',1705,,412,38,,,0
209,'1468127',805,,413,38,,,0
209,'1468129',1105,,414,38,,,0
209,'1468134',1905,,415,38,,,0
209,'1468156',1835,,416,38,,,0
209,'1468158',1735,,417,38,,,0
209,'1468169',1335,,418,38,,,0
209,'1468197',1335,,419,38,,,0
209,'1468238',1135,,420,38,,,0
209,'1468240',935,,421,38,,,0
209,'1468243',1835,,422,38,,,0
209,'1468250',1405,,423,38,,,0
209,'1468284',1135,,424,38,,,0
209,'1468288',1305,,425,38,,,0
209,'1468289',1435,,426,38,,,0
209,'1468293',1105,,427,38,,,0
209,'1468302',1205,,428,38,,,0
209,'1468306',1635,,429,38,,,0
209,'1468315',1805,,430,38,,,0
209,'1468319',2105,,431,38,,,0
209,'1468325',1935,,432,38,,,0
209,'1468342',1435,,433,38,,,0
209,'1468357',1035,,434,38,,,0
209,'1468388',635,,435,38,,,0
209,'1468398',1635,,436,38,,,0
209,'1468402',1905,,437,38,,,0
209,'1468403',2235,,438,38,,,0
209,'1468408',1735,,439,38,,,0
209,'1468420',1505,,440,38,,,0
209,'1468421',705,,441,38,,,0
209,'1468443',1605,,442,38,,,0
209,'1468446',2135,,443,38,,,0
209,'1468448',735,,444,38,,,0
209,'1468453',1205,,445,38,,,0
209,'1468457',1935,,446,38,,,0
209,'1468479',1605,,447,38,,,0
209,'1468482',2005,,448,38,,,0
