709,'1471238',859,,337,15,,,0
709,'1471239',929,,338,15,,,0
709,'1471240',959,,339,15,,,0
709,'1471241',1029,,340,15,,,0
709,'1471242',1059,,341,15,,,0
709,'1471243',1129,,342,15,,,0
709,'1471244',1159,,343,15,,,0
709,'1471245',1229,,344,15,,,0
709,'1471246',1259,,345,15,,,0
709,'1471247',1329,,346,15,,,0
709,'1471248',1359,,347,15,,,0
709,'1471249',1429,,348,15,,,0
709,'1471250',1459,,349,15,,,0
709,'1471251',1529,,350,15,,,0
709,'1471252',1559,,351,15,,,0
709,'1471253',1629,,352,15,,,0
709,'1471254',1659,,353,15,,,0
709,'1471255',1729,,354,15,,,0
709,'1471256',1759,,355,15,,,0
709,'1471257',1829,,356,15,,,0
709,'1471258',1859,,357,15,,,0
709,'1471259',1929,,358,15,,,0
709,'1471260',1959,,359,15,,,0
709,'1480384',625,,360,15,,,0
709,'1480385',655,,361,15,,,0
709,'1480386',725,,362,15,,,0
709,'1480387',755,,363,15,,,0
709,'1480388',825,,364,15,,,0
709,'1480389',855,,365,15,,,0
709,'1480390',925,,366,15,,,0
709,'1480391',955,,367,15,,,0
709,'1480392',1025,,368,15,,,0
709,'1480393',1055,,369,15,,,0
709,'1480394',1125,,370,15,,,0
709,'1480395',1155,,371,15,,,0
709,'1480396',1225,,372,15,,,0
709,'1480397',1255,,373,15,,,0
709,'1480398',1325,,374,15,,,0
709,'1480399',1355,,375,15,,,0
709,'1480400',1425,,376,15,,,0
709,'1480401',1455,,377,15,,,0
709,'1480402',1525,,378,15,,,0
709,'1480403',1555,,379,15,,,0
709,'1480404',1625,,380,15,,,0
709,'1480405',1655,,381,15,,,0
709,'1480406',1725,,382,15,,,0
709,'1480407',1755,,383,15,,,0
709,'1480408',1825,,384,15,,,0
709,'1480409',1855,,385,15,,,0
709,'1480410',1925,,386,15,,,0
709,'1480411',1955,,387,15,,,0
709,'1480412',2025,,388,15,,,0
709,'1480413',2055,,389,15,,,0
709,'1480414',2125,,390,15,,,0
709,'1480415',2155,,391,15,,,0
709,'1480416',2225,,392,15,,,0
709,'1489570',625,,248,15,,,0
709,'1489571',655,,249,15,,,0
709,'1489572',725,,250,15,,,0
709,'1489573',755,,251,15,,,0
709,'1489574',825,,252,15,,,0
709,'1489575',855,,253,15,,,0
709,'1489576',925,,254,15,,,0
709,'1489577',955,,255,15,,,0
709,'1489578',1025,,256,15,,,0
709,'1489579',1055,,257,15,,,0
709,'1489580',1125,,258,15,,,0
709,'1489581',1155,,259,15,,,0
709,'1489582',1225,,260,15,,,0
709,'1489583',1255,,261,15,,,0
709,'1489584',1325,,262,15,,,0
709,'1489585',1355,,263,15,,,0
709,'1489586',1425,,264,15,,,0
709,'1489587',1455,,265,15,,,0
709,'1489588',1525,,266,15,,,0
709,'1489589',1555,,267,15,,,0
709,'1489590',1625,,268,15,,,0
709,'1489591',1655,,269,15,,,0
709,'1489592',1725,,270,15,,,0
709,'1489593',1755,,271,15,,,0
709,'1489594',1825,,272,15,,,0
709,'1489595',1855,,273,15,,,0
709,'1489596',1925,,274,15,,,0
709,'1489597',1955,,275,15,,,0
709,'1489598',2025,,276,15,,,0
709,'1489599',2055,,277,15,,,0
709,'1489600',2125,,278,15,,,0
709,'1489601',2155,,279,15,,,0
709,'1489602',2225,,280,15,,,0
