309,'1470829',1945,,113,2,0,5 6,0
309,'1479876',645,,114,2,0,5 6,0
309,'1479877',745,,115,2,0,5 6,0
309,'1479878',845,,116,2,0,5 6,0
309,'1479879',945,,117,2,0,5 6,0
309,'1479880',1045,,118,2,0,5 6,0
309,'1479881',1145,,119,2,0,5 6,0
309,'1479882',1245,,120,2,0,5 6,0
309,'1479883',1345,,121,2,0,5 6,0
309,'1479884',1445,,122,2,0,5 6,0
309,'1479885',1545,,123,2,0,5 6,0
309,'1479886',1645,,124,2,0,5 6,0
309,'1479887',1745,,125,2,0,5 6,0
309,'1479888',1845,,126,2,0,5 6,0
309,'1479889',1945,,127,2,0,5 6,0
309,'1479890',2045,,128,2,0,5 6,0
309,'1479891',2145,,129,2,0,5 6,0
309,'1479892',845,,130,2,0,5 6,0
309,'1479893',945,,131,2,0,5 6,0
309,'1479894',1045,,132,2,0,5 6,0
309,'1479895',1145,,133,2,0,5 6,0
309,'1479896',1245,,134,2,0,5 6,0
309,'1479897',1345,,135,2,0,5 6,0
309,'1479898',1445,,136,2,0,5 6,0
309,'1479899',1545,,137,2,0,5 6,0
309,'1479900',1645,,138,2,0,5 6,0
309,'1479901',1745,,139,2,0,5 6,0
309,'1479902',1845,,140,2,0,5 6,0
309,'1489542',615,,141,2,0,5 7,0
309,'1489543',715,,142,2,0,5 7,0
309,'1489544',815,,143,2,0,5 7,0
309,'1489545',915,,144,2,0,5 7,0
309,'1489546',1015,,145,2,0,5 7,0
309,'1489547',1115,,146,2,0,5 7,0
309,'1489548',1215,,147,2,0,5 7,0
309,'1489549',1315,,148,2,0,5 7,0
309,'1489550',1415,,149,2,0,5 7,0
309,'1489551',1515,,150,2,0,5 7,0
309,'1489552',1615,,151,2,0,5 7,0
309,'1489553',1715,,152,2,0,5 7,0
309,'1489554',1815,,153,2,0,5 7,0
309,'1489555',1915,,154,2,0,5 7,0
309,'1489556',2015,,155,2,0,5 7,0
309,'1489557',2115,,156,2,0,5 7,0
309,'1489558',2215,,157,2,0,5 7,0
309,'1489559',915,,158,2,0,5 7,0
309,'1489560',1015,,159,2,0,5 7,0
309,'1489561',1115,,160,2,0,5 7,0
309,'1489562',1215,,161,2,0,5 7,0
309,'1489563',1315,,162,2,0,5 7,0
309,'1489564',1415,,163,2,0,5 7,0
309,'1489565',1515,,164,2,0,5 7,0
309,'1489566',1615,,165,2,0,5 7,0
309,'1489567',1715,,166,2,0,5 7,0
309,'1489568',1815,,167,2,0,5 7,0
309,'1489569',1915,,168,2,0,5 7,0
