309,'1470829',2003,,113,30,0,5 6,0
309,'1479876',702,,114,30,0,5 6,0
309,'1479877',802,,115,30,0,5 6,0
309,'1479878',902,,116,30,0,5 6,0
309,'1479879',1002,,117,30,0,5 6,0
309,'1479880',1102,,118,30,0,5 6,0
309,'1479881',1202,,119,30,0,5 6,0
309,'1479882',1302,,120,30,0,5 6,0
309,'1479883',1402,,121,30,0,5 6,0
309,'1479884',1502,,122,30,0,5 6,0
309,'1479885',1602,,123,30,0,5 6,0
309,'1479886',1702,,124,30,0,5 6,0
309,'1479887',1802,,125,30,0,5 6,0
309,'1479888',1902,,126,30,0,5 6,0
309,'1479889',2002,,127,30,0,5 6,0
309,'1479890',2102,,128,30,0,5 6,0
309,'1479891',2202,,129,30,0,5 6,0
309,'1479892',902,,130,30,0,5 6,0
309,'1479893',1002,,131,30,0,5 6,0
309,'1479894',1102,,132,30,0,5 6,0
309,'1479895',1202,,133,30,0,5 6,0
309,'1479896',1302,,134,30,0,5 6,0
309,'1479897',1402,,135,30,0,5 6,0
309,'1479898',1502,,136,30,0,5 6,0
309,'1479899',1602,,137,30,0,5 6,0
309,'1479900',1702,,138,30,0,5 6,0
309,'1479901',1802,,139,30,0,5 6,0
309,'1479902',1902,,140,30,0,5 6,0
