109,'1456814',1433,,1,15,,,0
109,'1456819',1603,,2,15,,,0
109,'1456824',1833,,3,15,,,0
109,'1456829',903,,4,15,,,0
109,'1456834',933,,5,15,,,0
109,'1456836',1833,,6,15,,,0
109,'1456837',703,,7,15,,,0
109,'1456840',1803,,8,15,,,0
109,'1456877',933,,9,15,,,0
109,'1456880',633,,10,15,,,0
109,'1456889',1633,,11,15,,,0
109,'1456915',1033,,12,15,,,0
109,'1456918',1903,,13,15,,,0
109,'1456919',1633,,14,15,,,0
109,'1456920',2133,,15,15,,,0
109,'1456950',833,,16,15,,,0
109,'1456960',1203,,17,15,,,0
109,'1456962',1303,,18,15,,,0
109,'1456984',1103,,19,15,,,0
109,'1456985',2033,,20,15,,,0
109,'1457004',803,,21,15,,,0
109,'1457017',1233,,22,15,,,0
109,'1457020',1803,,23,15,,,0
109,'1457022',1333,,24,15,,,0
109,'1457029',2203,,25,15,,,0
109,'1457030',2103,,26,15,,,0
109,'1457036',1933,,27,15,,,0
109,'1457038',1503,,28,15,,,0
109,'1457041',1603,,29,15,,,0
109,'1457072',903,,30,15,,,0
109,'1457093',1533,,31,15,,,0
109,'1457107',733,,32,15,,,0
109,'1457111',1033,,33,15,,,0
109,'1457122',1003,,34,15,,,0
109,'1457126',2003,,35,15,,,0
109,'1457134',1903,,36,15,,,0
109,'1457138',1703,,37,15,,,0
109,'1457157',1133,,38,15,,,0
109,'1457178',1403,,39,15,,,0
109,'1457184',1433,,40,15,,,0
109,'1457201',1303,,41,15,,,0
109,'1457203',1203,,42,15,,,0
109,'1457208',2003,,43,15,,,0
109,'1457212',1403,,44,15,,,0
109,'1457238',1703,,45,15,,,0
109,'1457256',1133,,46,15,,,0
109,'1457268',1733,,47,15,,,0
109,'1457283',1733,,48,15,,,0
109,'1457290',2233,,49,15,,,0
109,'1457302',1533,,50,15,,,0
109,'1457309',1933,,51,15,,,0
109,'1457336',1103,,52,15,,,0
109,'1457337',1003,,53,15,,,0
109,'1457368',1233,,54,15,,,0
109,'1457373',1333,,55,15,,,0
109,'1457382',1503,,56,15,,,0
309,'1470829',1951,,113,14,0,5 6,0
309,'1479876',651,,114,14,0,5 6,0
309,'1479877',751,,115,14,0,5 6,0
309,'1479878',851,,116,14,0,5 6,0
309,'1479879',951,,117,14,0,5 6,0
309,'1479880',1051,,118,14,0,5 6,0
309,'1479881',1151,,119,14,0,5 6,0
309,'1479882',1251,,120,14,0,5 6,0
309,'1479883',1351,,121,14,0,5 6,0
309,'1479884',1451,,122,14,0,5 6,0
309,'1479885',1551,,123,14,0,5 6,0
309,'1479886',1651,,124,14,0,5 6,0
309,'1479887',1751,,125,14,0,5 6,0
309,'1479888',1851,,126,14,0,5 6,0
309,'1479889',1951,,127,14,0,5 6,0
309,'1479890',2051,,128,14,0,5 6,0
309,'1479891',2151,,129,14,0,5 6,0
309,'1479892',851,,130,14,0,5 6,0
309,'1479893',951,,131,14,0,5 6,0
309,'1479894',1051,,132,14,0,5 6,0
309,'1479895',1151,,133,14,0,5 6,0
309,'1479896',1251,,134,14,0,5 6,0
309,'1479897',1351,,135,14,0,5 6,0
309,'1479898',1451,,136,14,0,5 6,0
309,'1479899',1551,,137,14,0,5 6,0
309,'1479900',1651,,138,14,0,5 6,0
309,'1479901',1751,,139,14,0,5 6,0
309,'1479902',1851,,140,14,0,5 6,0
309,'1489542',621,,141,14,0,5 7,0
309,'1489543',721,,142,14,0,5 7,0
309,'1489544',821,,143,14,0,5 7,0
309,'1489545',921,,144,14,0,5 7,0
309,'1489546',1021,,145,14,0,5 7,0
309,'1489547',1121,,146,14,0,5 7,0
309,'1489548',1221,,147,14,0,5 7,0
309,'1489549',1321,,148,14,0,5 7,0
309,'1489550',1421,,149,14,0,5 7,0
309,'1489551',1521,,150,14,0,5 7,0
309,'1489552',1621,,151,14,0,5 7,0
309,'1489553',1721,,152,14,0,5 7,0
309,'1489554',1821,,153,14,0,5 7,0
309,'1489555',1921,,154,14,0,5 7,0
309,'1489556',2021,,155,14,0,5 7,0
309,'1489557',2121,,156,14,0,5 7,0
309,'1489558',2221,,157,14,0,5 7,0
309,'1489559',921,,158,14,0,5 7,0
309,'1489560',1021,,159,14,0,5 7,0
309,'1489561',1121,,160,14,0,5 7,0
309,'1489562',1221,,161,14,0,5 7,0
309,'1489563',1321,,162,14,0,5 7,0
309,'1489564',1421,,163,14,0,5 7,0
309,'1489565',1521,,164,14,0,5 7,0
309,'1489566',1621,,165,14,0,5 7,0
309,'1489567',1721,,166,14,0,5 7,0
309,'1489568',1821,,167,14,0,5 7,0
309,'1489569',1921,,168,14,0,5 7,0
