8019,'1489412',641,,281,22,,,0
8019,'1489413',711,,282,22,,,0
8019,'1489414',741,,283,22,,,0
8019,'1489415',811,,284,22,,,0
8019,'1489416',841,,285,22,,,0
8019,'1489417',911,,286,22,,,0
8019,'1489418',941,,287,22,,,0
8019,'1489419',1011,,288,22,,,0
8019,'1489420',1041,,289,22,,,0
8019,'1489421',1111,,290,22,,,0
8019,'1489422',1141,,291,22,,,0
8019,'1489423',1211,,292,22,,,0
8019,'1489424',1241,,293,22,,,0
8019,'1489425',1311,,294,22,,,0
8019,'1489426',1341,,295,22,,,0
8019,'1489427',1411,,296,22,,,0
8019,'1489428',1441,,297,22,,,0
8019,'1489429',1511,,298,22,,,0
8019,'1489430',1541,,299,22,,,0
8019,'1489431',1611,,300,22,,,0
8019,'1489432',1641,,301,22,,,0
8019,'1489433',1711,,302,22,,,0
8019,'1489434',1741,,303,22,,,0
8019,'1489435',1811,,304,22,,,0
8019,'1489436',1841,,305,22,,,0
8019,'1489437',1911,,306,22,,,0
8019,'1489438',1941,,307,22,,,0
8019,'1489439',2011,,308,22,,,0
8019,'1489440',2041,,309,22,,,0
8019,'1489441',2111,,310,22,,,0
8019,'1489442',2141,,311,22,,,0
8019,'1489443',2211,,312,22,,,0
8019,'1489444',2241,,313,22,,,0
8019,'1489445',911,,314,22,,,0
8019,'1489446',941,,315,22,,,0
8019,'1489447',1011,,316,22,,,0
8019,'1489448',1041,,317,22,,,0
8019,'1489449',1111,,318,22,,,0
8019,'1489450',1141,,319,22,,,0
8019,'1489451',1211,,320,22,,,0
8019,'1489452',1241,,321,22,,,0
8019,'1489453',1311,,322,22,,,0
8019,'1489454',1341,,323,22,,,0
8019,'1489455',1411,,324,22,,,0
8019,'1489456',1441,,325,22,,,0
8019,'1489457',1511,,326,22,,,0
8019,'1489458',1541,,327,22,,,0
8019,'1489459',1611,,328,22,,,0
8019,'1489460',1641,,329,22,,,0
8019,'1489461',1711,,330,22,,,0
8019,'1489462',1741,,331,22,,,0
8019,'1489463',1811,,332,22,,,0
8019,'1489464',1841,,333,22,,,0
8019,'1489465',1911,,334,22,,,0
8019,'1489466',1941,,335,22,,,0
8019,'1489467',2011,,336,22,,,0
