4019,'1492568',625,,761,16,,,0
4019,'1492569',655,,762,16,,,0
4019,'1492570',725,,763,16,,,0
4019,'1492571',755,,764,16,,,0
4019,'1492572',825,,765,16,,,0
4019,'1492573',855,,766,16,,,0
4019,'1492574',925,,767,16,,,0
4019,'1492575',955,,768,16,,,0
4019,'1492576',1025,,769,16,,,0
4019,'1492577',1055,,770,16,,,0
4019,'1492578',1125,,771,16,,,0
4019,'1492579',1155,,772,16,,,0
4019,'1492580',1225,,773,16,,,0
4019,'1492581',1255,,774,16,,,0
4019,'1492582',1325,,775,16,,,0
4019,'1492583',1355,,776,16,,,0
4019,'1492584',1425,,777,16,,,0
4019,'1492585',1455,,778,16,,,0
4019,'1492586',1525,,779,16,,,0
4019,'1492587',1555,,780,16,,,0
4019,'1492588',1625,,781,16,,,0
4019,'1492589',1655,,782,16,,,0
4019,'1492590',1725,,783,16,,,0
4019,'1492591',1755,,784,16,,,0
4019,'1492592',1825,,785,16,,,0
4019,'1492593',1855,,786,16,,,0
4019,'1492594',1925,,787,16,,,0
4019,'1492595',1955,,788,16,,,0
4019,'1492596',2025,,789,16,,,0
4019,'1492597',2055,,790,16,,,0
4019,'1492598',2125,,791,16,,,0
4019,'1492599',2155,,792,16,,,0
4019,'1492600',2225,,793,16,,,0
4019,'1492601',855,,794,16,,,0
4019,'1492602',925,,795,16,,,0
4019,'1492603',955,,796,16,,,0
4019,'1492604',1025,,797,16,,,0
4019,'1492605',1055,,798,16,,,0
4019,'1492606',1125,,799,16,,,0
4019,'1492607',1155,,800,16,,,0
4019,'1492608',1225,,801,16,,,0
4019,'1492609',1255,,802,16,,,0
4019,'1492610',1325,,803,16,,,0
4019,'1492611',1355,,804,16,,,0
4019,'1492612',1425,,805,16,,,0
4019,'1492613',1455,,806,16,,,0
4019,'1492614',1525,,807,16,,,0
4019,'1492615',1555,,808,16,,,0
4019,'1492616',1625,,809,16,,,0
4019,'1492617',1655,,810,16,,,0
4019,'1492618',1725,,811,16,,,0
4019,'1492619',1755,,812,16,,,0
4019,'1492620',1825,,813,16,,,0
4019,'1492621',1855,,814,16,,,0
4019,'1492622',1925,,815,16,,,0
4019,'1492623',1955,,816,16,,,0
