809,'1489412',633,,281,17,,,0
809,'1489413',703,,282,17,,,0
809,'1489414',733,,283,17,,,0
809,'1489415',803,,284,17,,,0
809,'1489416',833,,285,17,,,0
809,'1489417',903,,286,17,,,0
809,'1489418',933,,287,17,,,0
809,'1489419',1003,,288,17,,,0
809,'1489420',1033,,289,17,,,0
809,'1489421',1103,,290,17,,,0
809,'1489422',1133,,291,17,,,0
809,'1489423',1203,,292,17,,,0
809,'1489424',1233,,293,17,,,0
809,'1489425',1303,,294,17,,,0
809,'1489426',1333,,295,17,,,0
809,'1489427',1403,,296,17,,,0
809,'1489428',1433,,297,17,,,0
809,'1489429',1503,,298,17,,,0
809,'1489430',1533,,299,17,,,0
809,'1489431',1603,,300,17,,,0
809,'1489432',1633,,301,17,,,0
809,'1489433',1703,,302,17,,,0
809,'1489434',1733,,303,17,,,0
809,'1489435',1803,,304,17,,,0
809,'1489436',1833,,305,17,,,0
809,'1489437',1903,,306,17,,,0
809,'1489438',1933,,307,17,,,0
809,'1489439',2003,,308,17,,,0
809,'1489440',2033,,309,17,,,0
809,'1489441',2103,,310,17,,,0
809,'1489442',2133,,311,17,,,0
809,'1489443',2203,,312,17,,,0
809,'1489444',2233,,313,17,,,0
809,'1489445',903,,314,17,,,0
809,'1489446',933,,315,17,,,0
809,'1489447',1003,,316,17,,,0
809,'1489448',1033,,317,17,,,0
809,'1489449',1103,,318,17,,,0
809,'1489450',1133,,319,17,,,0
809,'1489451',1203,,320,17,,,0
809,'1489452',1233,,321,17,,,0
809,'1489453',1303,,322,17,,,0
809,'1489454',1333,,323,17,,,0
809,'1489455',1403,,324,17,,,0
809,'1489456',1433,,325,17,,,0
809,'1489457',1503,,326,17,,,0
809,'1489458',1533,,327,17,,,0
809,'1489459',1603,,328,17,,,0
809,'1489460',1633,,329,17,,,0
809,'1489461',1703,,330,17,,,0
809,'1489462',1733,,331,17,,,0
809,'1489463',1803,,332,17,,,0
809,'1489464',1833,,333,17,,,0
809,'1489465',1903,,334,17,,,0
809,'1489466',1933,,335,17,,,0
809,'1489467',2003,,336,17,,,0
