309,'1489542',632,,141,27,0,5 7,0
309,'1489543',732,,142,27,0,5 7,0
309,'1489544',832,,143,27,0,5 7,0
309,'1489545',932,,144,27,0,5 7,0
309,'1489546',1032,,145,27,0,5 7,0
309,'1489547',1132,,146,27,0,5 7,0
309,'1489548',1232,,147,27,0,5 7,0
309,'1489549',1332,,148,27,0,5 7,0
309,'1489550',1432,,149,27,0,5 7,0
309,'1489551',1532,,150,27,0,5 7,0
309,'1489552',1632,,151,27,0,5 7,0
309,'1489553',1732,,152,27,0,5 7,0
309,'1489554',1832,,153,27,0,5 7,0
309,'1489555',1932,,154,27,0,5 7,0
309,'1489556',2032,,155,27,0,5 7,0
309,'1489557',2132,,156,27,0,5 7,0
309,'1489558',2232,,157,27,0,5 7,0
309,'1489559',932,,158,27,0,5 7,0
309,'1489560',1032,,159,27,0,5 7,0
309,'1489561',1132,,160,27,0,5 7,0
309,'1489562',1232,,161,27,0,5 7,0
309,'1489563',1332,,162,27,0,5 7,0
309,'1489564',1432,,163,27,0,5 7,0
309,'1489565',1532,,164,27,0,5 7,0
309,'1489566',1632,,165,27,0,5 7,0
309,'1489567',1732,,166,27,0,5 7,0
309,'1489568',1832,,167,27,0,5 7,0
309,'1489569',1932,,168,27,0,5 7,0
