1019,'1456814',1442,,1,29,,,0
1019,'1456819',1612,,2,29,,,0
1019,'1456824',1842,,3,29,,,0
1019,'1456829',912,,4,29,,,0
1019,'1456834',942,,5,29,,,0
1019,'1456836',1842,,6,29,,,0
1019,'1456837',712,,7,29,,,0
1019,'1456840',1812,,8,29,,,0
1019,'1456877',942,,9,29,,,0
1019,'1456880',642,,10,29,,,0
1019,'1456889',1642,,11,29,,,0
1019,'1456915',1042,,12,29,,,0
1019,'1456918',1912,,13,29,,,0
1019,'1456919',1642,,14,29,,,0
1019,'1456920',2142,,15,29,,,0
1019,'1456950',842,,16,29,,,0
1019,'1456960',1212,,17,29,,,0
1019,'1456962',1312,,18,29,,,0
1019,'1456984',1112,,19,29,,,0
1019,'1456985',2042,,20,29,,,0
1019,'1457004',812,,21,29,,,0
1019,'1457017',1242,,22,29,,,0
1019,'1457020',1812,,23,29,,,0
1019,'1457022',1342,,24,29,,,0
1019,'1457029',2212,,25,29,,,0
1019,'1457030',2112,,26,29,,,0
1019,'1457036',1942,,27,29,,,0
1019,'1457038',1512,,28,29,,,0
1019,'1457041',1612,,29,29,,,0
1019,'1457072',912,,30,29,,,0
1019,'1457093',1542,,31,29,,,0
1019,'1457107',742,,32,29,,,0
1019,'1457111',1042,,33,29,,,0
1019,'1457122',1012,,34,29,,,0
1019,'1457126',2012,,35,29,,,0
1019,'1457134',1912,,36,29,,,0
1019,'1457138',1712,,37,29,,,0
1019,'1457157',1142,,38,29,,,0
1019,'1457178',1412,,39,29,,,0
1019,'1457184',1442,,40,29,,,0
1019,'1457201',1312,,41,29,,,0
1019,'1457203',1212,,42,29,,,0
1019,'1457208',2012,,43,29,,,0
1019,'1457212',1412,,44,29,,,0
1019,'1457238',1712,,45,29,,,0
1019,'1457256',1142,,46,29,,,0
1019,'1457268',1742,,47,29,,,0
1019,'1457283',1742,,48,29,,,0
1019,'1457290',2242,,49,29,,,0
1019,'1457302',1542,,50,29,,,0
1019,'1457309',1942,,51,29,,,0
1019,'1457336',1112,,52,29,,,0
1019,'1457337',1012,,53,29,,,0
1019,'1457368',1242,,54,29,,,0
1019,'1457373',1342,,55,29,,,0
1019,'1457382',1512,,56,29,,,0
