309,'1450947',1948,,594,8,0,5 6,0
309,'1492333',618,,595,8,0,5 7,0
309,'1492334',718,,596,8,0,5 7,0
309,'1492335',818,,597,8,0,5 7,0
309,'1492336',918,,598,8,0,5 7,0
309,'1492337',1018,,599,8,0,5 7,0
309,'1492338',1118,,600,8,0,5 7,0
309,'1492339',1218,,601,8,0,5 7,0
309,'1492340',1318,,602,8,0,5 7,0
309,'1492341',1418,,603,8,0,5 7,0
309,'1492342',1518,,604,8,0,5 7,0
309,'1492343',1618,,605,8,0,5 7,0
309,'1492344',1718,,606,8,0,5 7,0
309,'1492345',1818,,607,8,0,5 7,0
309,'1492346',1918,,608,8,0,5 7,0
309,'1492347',2018,,609,8,0,5 7,0
309,'1492348',2118,,610,8,0,5 7,0
309,'1492349',2218,,611,8,0,5 7,0
309,'1492350',918,,612,8,0,5 7,0
309,'1492351',1018,,613,8,0,5 7,0
309,'1492352',1118,,614,8,0,5 7,0
309,'1492353',1218,,615,8,0,5 7,0
309,'1492354',1318,,616,8,0,5 7,0
309,'1492355',1418,,617,8,0,5 7,0
309,'1492356',1518,,618,8,0,5 7,0
309,'1492357',1618,,619,8,0,5 7,0
309,'1492358',1718,,620,8,0,5 7,0
309,'1492359',1818,,621,8,0,5 7,0
309,'1492360',1918,,622,8,0,5 7,0
309,'1492361',648,,623,8,0,5 6,0
309,'1492362',748,,624,8,0,5 6,0
309,'1492363',848,,625,8,0,5 6,0
309,'1492364',948,,626,8,0,5 6,0
309,'1492365',1048,,627,8,0,5 6,0
309,'1492366',1148,,628,8,0,5 6,0
309,'1492367',1248,,629,8,0,5 6,0
309,'1492368',1348,,630,8,0,5 6,0
309,'1492369',1448,,631,8,0,5 6,0
309,'1492370',1548,,632,8,0,5 6,0
309,'1492371',1648,,633,8,0,5 6,0
309,'1492372',1748,,634,8,0,5 6,0
309,'1492373',1848,,635,8,0,5 6,0
309,'1492374',1948,,636,8,0,5 6,0
309,'1492375',2048,,637,8,0,5 6,0
309,'1492376',2148,,638,8,0,5 6,0
309,'1492377',848,,639,8,0,5 6,0
309,'1492378',948,,640,8,0,5 6,0
309,'1492379',1048,,641,8,0,5 6,0
309,'1492380',1148,,642,8,0,5 6,0
309,'1492381',1248,,643,8,0,5 6,0
309,'1492382',1348,,644,8,0,5 6,0
309,'1492383',1448,,645,8,0,5 6,0
309,'1492384',1548,,646,8,0,5 6,0
309,'1492385',1648,,647,8,0,5 6,0
309,'1492386',1748,,648,8,0,5 6,0
309,'1492387',1848,,649,8,0,5 6,0
