2019,'1467963',1957,,650,26,,,0
2019,'1467965',1257,,651,26,,,0
2019,'1467968',1527,,652,26,,,0
2019,'1467975',1027,,653,26,,,0
2019,'1467991',1227,,654,26,,,0
2019,'1467993',1657,,655,26,,,0
2019,'1467994',857,,656,26,,,0
2019,'1468003',1357,,657,26,,,0
2019,'1468007',2157,,658,26,,,0
2019,'1468017',927,,659,26,,,0
2019,'1468027',1527,,660,26,,,0
2019,'1468031',1457,,661,26,,,0
2019,'1468034',1757,,662,26,,,0
2019,'1468038',957,,663,26,,,0
2019,'1468046',957,,664,26,,,0
2019,'1468054',857,,665,26,,,0
2019,'1468079',827,,666,26,,,0
2019,'1468088',2027,,667,26,,,0
2019,'1468109',1227,,668,26,,,0
2019,'1468126',1657,,669,26,,,0
2019,'1468127',757,,670,26,,,0
2019,'1468129',1057,,671,26,,,0
2019,'1468134',1857,,672,26,,,0
2019,'1468156',1827,,673,26,,,0
2019,'1468158',1727,,674,26,,,0
2019,'1468169',1327,,675,26,,,0
2019,'1468197',1327,,676,26,,,0
2019,'1468238',1127,,677,26,,,0
2019,'1468240',927,,678,26,,,0
2019,'1468243',1827,,679,26,,,0
2019,'1468250',1357,,680,26,,,0
2019,'1468284',1127,,681,26,,,0
2019,'1468288',1257,,682,26,,,0
2019,'1468289',1427,,683,26,,,0
2019,'1468293',1057,,684,26,,,0
2019,'1468302',1157,,685,26,,,0
2019,'1468306',1627,,686,26,,,0
2019,'1468315',1757,,687,26,,,0
2019,'1468319',2057,,688,26,,,0
2019,'1468325',1927,,689,26,,,0
2019,'1468342',1427,,690,26,,,0
2019,'1468357',1027,,691,26,,,0
2019,'1468388',627,,692,26,,,0
2019,'1468398',1627,,693,26,,,0
2019,'1468402',1857,,694,26,,,0
2019,'1468403',2227,,695,26,,,0
2019,'1468408',1727,,696,26,,,0
2019,'1468420',1457,,697,26,,,0
2019,'1468421',657,,698,26,,,0
2019,'1468443',1557,,699,26,,,0
2019,'1468446',2127,,700,26,,,0
2019,'1468448',727,,701,26,,,0
2019,'1468453',1157,,702,26,,,0
2019,'1468457',1927,,703,26,,,0
2019,'1468479',1557,,704,26,,,0
2019,'1468482',1957,,705,26,,,0
