409,'1474077',622,,169,10,,,0
409,'1474078',652,,170,10,,,0
409,'1474079',722,,171,10,,,0
409,'1474080',752,,172,10,,,0
409,'1474081',822,,173,10,,,0
409,'1474082',852,,174,10,,,0
409,'1474083',922,,175,10,,,0
409,'1474084',952,,176,10,,,0
409,'1474085',1022,,177,10,,,0
409,'1474086',1052,,178,10,,,0
409,'1474087',1122,,179,10,,,0
409,'1474088',1152,,180,10,,,0
409,'1474089',1222,,181,10,,,0
409,'1474090',1252,,182,10,,,0
409,'1474091',1322,,183,10,,,0
409,'1474092',1352,,184,10,,,0
409,'1474093',1422,,185,10,,,0
409,'1474094',1452,,186,10,,,0
409,'1474095',1522,,187,10,,,0
409,'1474096',1552,,188,10,,,0
409,'1474097',1622,,189,10,,,0
409,'1474098',1652,,190,10,,,0
409,'1474099',1722,,191,10,,,0
409,'1474100',1752,,192,10,,,0
409,'1474101',1822,,193,10,,,0
409,'1474102',1852,,194,10,,,0
409,'1474103',1922,,195,10,,,0
409,'1474104',1952,,196,10,,,0
409,'1474105',2022,,197,10,,,0
409,'1474106',2052,,198,10,,,0
409,'1474107',2122,,199,10,,,0
409,'1474108',2152,,200,10,,,0
409,'1474109',2222,,201,10,,,0
409,'1474110',852,,202,10,,,0
409,'1474111',922,,203,10,,,0
409,'1474112',952,,204,10,,,0
409,'1474113',1022,,205,10,,,0
409,'1474114',1052,,206,10,,,0
409,'1474115',1122,,207,10,,,0
409,'1474116',1152,,208,10,,,0
409,'1474117',1222,,209,10,,,0
409,'1474118',1252,,210,10,,,0
409,'1474119',1322,,211,10,,,0
409,'1474120',1352,,212,10,,,0
409,'1474121',1422,,213,10,,,0
409,'1474122',1452,,214,10,,,0
409,'1474123',1522,,215,10,,,0
409,'1474124',1552,,216,10,,,0
409,'1474125',1622,,217,10,,,0
409,'1474126',1652,,218,10,,,0
409,'1474127',1722,,219,10,,,0
409,'1474128',1752,,220,10,,,0
409,'1474129',1822,,221,10,,,0
409,'1474130',1852,,222,10,,,0
409,'1474131',1922,,223,10,,,0
409,'1474132',1952,,224,10,,,0
709,'1442614',722,,449,14,,,0
709,'1442622',1952,,450,14,,,0
709,'1442670',2122,,451,14,,,0
709,'1442732',2022,,452,14,,,0
709,'1442767',1622,,453,14,,,0
709,'1442817',1652,,454,14,,,0
709,'1442848',1752,,455,14,,,0
709,'1442896',752,,456,14,,,0
709,'1442972',1922,,457,14,,,0
709,'1443069',1222,,458,14,,,0
709,'1443156',622,,459,14,,,0
709,'1443162',1352,,460,14,,,0
709,'1443179',1422,,461,14,,,0
709,'1443229',1252,,462,14,,,0
709,'1443345',1822,,463,14,,,0
709,'1443404',822,,464,14,,,0
709,'1443436',1152,,465,14,,,0
709,'1443487',1122,,466,14,,,0
709,'1443532',652,,467,14,,,0
709,'1443541',922,,468,14,,,0
709,'1443550',2222,,469,14,,,0
709,'1443573',1552,,470,14,,,0
709,'1443663',1022,,471,14,,,0
709,'1443697',952,,472,14,,,0
709,'1443868',852,,473,14,,,0
709,'1443959',1052,,474,14,,,0
709,'1443993',1322,,475,14,,,0
709,'1444109',1452,,476,14,,,0
709,'1444167',2052,,477,14,,,0
709,'1444230',1852,,478,14,,,0
709,'1444467',1722,,479,14,,,0
709,'1444493',1522,,480,14,,,0
709,'1444706',2152,,481,14,,,0
709,'1471238',858,,337,14,,,0
709,'1471239',928,,338,14,,,0
709,'1471240',958,,339,14,,,0
709,'1471241',1028,,340,14,,,0
709,'1471242',1058,,341,14,,,0
709,'1471243',1128,,342,14,,,0
709,'1471244',1158,,343,14,,,0
709,'1471245',1228,,344,14,,,0
709,'1471246',1258,,345,14,,,0
709,'1471247',1328,,346,14,,,0
709,'1471248',1358,,347,14,,,0
709,'1471249',1428,,348,14,,,0
709,'1471250',1458,,349,14,,,0
709,'1471251',1528,,350,14,,,0
709,'1471252',1558,,351,14,,,0
709,'1471253',1628,,352,14,,,0
709,'1471254',1658,,353,14,,,0
709,'1471255',1728,,354,14,,,0
709,'1471256',1758,,355,14,,,0
709,'1471257',1828,,356,14,,,0
709,'1471258',1858,,357,14,,,0
709,'1471259',1928,,358,14,,,0
709,'1471260',1958,,359,14,,,0
