2019,'1467963',2006,,650,39,,,0
2019,'1467965',1306,,651,39,,,0
2019,'1467968',1536,,652,39,,,0
2019,'1467975',1036,,653,39,,,0
2019,'1467991',1236,,654,39,,,0
2019,'1467993',1706,,655,39,,,0
2019,'1467994',906,,656,39,,,0
2019,'1468003',1406,,657,39,,,0
2019,'1468007',2206,,658,39,,,0
2019,'1468017',936,,659,39,,,0
2019,'1468027',1536,,660,39,,,0
2019,'1468031',1506,,661,39,,,0
2019,'1468034',1806,,662,39,,,0
2019,'1468038',1006,,663,39,,,0
2019,'1468046',1006,,664,39,,,0
2019,'1468054',906,,665,39,,,0
2019,'1468079',836,,666,39,,,0
2019,'1468088',2036,,667,39,,,0
2019,'1468109',1236,,668,39,,,0
2019,'1468126',1706,,669,39,,,0
2019,'1468127',806,,670,39,,,0
2019,'1468129',1106,,671,39,,,0
2019,'1468134',1906,,672,39,,,0
2019,'1468156',1836,,673,39,,,0
2019,'1468158',1736,,674,39,,,0
2019,'1468169',1336,,675,39,,,0
2019,'1468197',1336,,676,39,,,0
2019,'1468238',1136,,677,39,,,0
2019,'1468240',936,,678,39,,,0
2019,'1468243',1836,,679,39,,,0
2019,'1468250',1406,,680,39,,,0
2019,'1468284',1136,,681,39,,,0
2019,'1468288',1306,,682,39,,,0
2019,'1468289',1436,,683,39,,,0
2019,'1468293',1106,,684,39,,,0
2019,'1468302',1206,,685,39,,,0
2019,'1468306',1636,,686,39,,,0
2019,'1468315',1806,,687,39,,,0
2019,'1468319',2106,,688,39,,,0
2019,'1468325',1936,,689,39,,,0
2019,'1468342',1436,,690,39,,,0
2019,'1468357',1036,,691,39,,,0
2019,'1468388',636,,692,39,,,0
2019,'1468398',1636,,693,39,,,0
2019,'1468402',1906,,694,39,,,0
2019,'1468403',2236,,695,39,,,0
2019,'1468408',1736,,696,39,,,0
2019,'1468420',1506,,697,39,,,0
2019,'1468421',706,,698,39,,,0
2019,'1468443',1606,,699,39,,,0
2019,'1468446',2136,,700,39,,,0
2019,'1468448',736,,701,39,,,0
2019,'1468453',1206,,702,39,,,0
2019,'1468457',1936,,703,39,,,0
2019,'1468479',1606,,704,39,,,0
2019,'1468482',2006,,705,39,,,0
