8019,'1489412',638,,281,20,,,0
8019,'1489413',708,,282,20,,,0
8019,'1489414',738,,283,20,,,0
8019,'1489415',808,,284,20,,,0
8019,'1489416',838,,285,20,,,0
8019,'1489417',908,,286,20,,,0
8019,'1489418',938,,287,20,,,0
8019,'1489419',1008,,288,20,,,0
8019,'1489420',1038,,289,20,,,0
8019,'1489421',1108,,290,20,,,0
8019,'1489422',1138,,291,20,,,0
8019,'1489423',1208,,292,20,,,0
8019,'1489424',1238,,293,20,,,0
8019,'1489425',1308,,294,20,,,0
8019,'1489426',1338,,295,20,,,0
8019,'1489427',1408,,296,20,,,0
8019,'1489428',1438,,297,20,,,0
8019,'1489429',1508,,298,20,,,0
8019,'1489430',1538,,299,20,,,0
8019,'1489431',1608,,300,20,,,0
8019,'1489432',1638,,301,20,,,0
8019,'1489433',1708,,302,20,,,0
8019,'1489434',1738,,303,20,,,0
8019,'1489435',1808,,304,20,,,0
8019,'1489436',1838,,305,20,,,0
8019,'1489437',1908,,306,20,,,0
8019,'1489438',1938,,307,20,,,0
8019,'1489439',2008,,308,20,,,0
8019,'1489440',2038,,309,20,,,0
8019,'1489441',2108,,310,20,,,0
8019,'1489442',2138,,311,20,,,0
8019,'1489443',2208,,312,20,,,0
8019,'1489444',2238,,313,20,,,0
8019,'1489445',908,,314,20,,,0
8019,'1489446',938,,315,20,,,0
8019,'1489447',1008,,316,20,,,0
8019,'1489448',1038,,317,20,,,0
8019,'1489449',1108,,318,20,,,0
8019,'1489450',1138,,319,20,,,0
8019,'1489451',1208,,320,20,,,0
8019,'1489452',1238,,321,20,,,0
8019,'1489453',1308,,322,20,,,0
8019,'1489454',1338,,323,20,,,0
8019,'1489455',1408,,324,20,,,0
8019,'1489456',1438,,325,20,,,0
8019,'1489457',1508,,326,20,,,0
8019,'1489458',1538,,327,20,,,0
8019,'1489459',1608,,328,20,,,0
8019,'1489460',1638,,329,20,,,0
8019,'1489461',1708,,330,20,,,0
8019,'1489462',1738,,331,20,,,0
8019,'1489463',1808,,332,20,,,0
8019,'1489464',1838,,333,20,,,0
8019,'1489465',1908,,334,20,,,0
8019,'1489466',1938,,335,20,,,0
8019,'1489467',2008,,336,20,,,0
