309,'1489542',632,,141,28,0,5 7,0
309,'1489543',732,,142,28,0,5 7,0
309,'1489544',832,,143,28,0,5 7,0
309,'1489545',932,,144,28,0,5 7,0
309,'1489546',1032,,145,28,0,5 7,0
309,'1489547',1132,,146,28,0,5 7,0
309,'1489548',1232,,147,28,0,5 7,0
309,'1489549',1332,,148,28,0,5 7,0
309,'1489550',1432,,149,28,0,5 7,0
309,'1489551',1532,,150,28,0,5 7,0
309,'1489552',1632,,151,28,0,5 7,0
309,'1489553',1732,,152,28,0,5 7,0
309,'1489554',1832,,153,28,0,5 7,0
309,'1489555',1932,,154,28,0,5 7,0
309,'1489556',2032,,155,28,0,5 7,0
309,'1489557',2132,,156,28,0,5 7,0
309,'1489558',2232,,157,28,0,5 7,0
309,'1489559',932,,158,28,0,5 7,0
309,'1489560',1032,,159,28,0,5 7,0
309,'1489561',1132,,160,28,0,5 7,0
309,'1489562',1232,,161,28,0,5 7,0
309,'1489563',1332,,162,28,0,5 7,0
309,'1489564',1432,,163,28,0,5 7,0
309,'1489565',1532,,164,28,0,5 7,0
309,'1489566',1632,,165,28,0,5 7,0
309,'1489567',1732,,166,28,0,5 7,0
309,'1489568',1832,,167,28,0,5 7,0
309,'1489569',1932,,168,28,0,5 7,0
709,'1471238',911,,337,25,,,0
709,'1471239',941,,338,25,,,0
709,'1471240',1011,,339,25,,,0
709,'1471241',1041,,340,25,,,0
709,'1471242',1111,,341,25,,,0
709,'1471243',1141,,342,25,,,0
709,'1471244',1211,,343,25,,,0
709,'1471245',1241,,344,25,,,0
709,'1471246',1311,,345,25,,,0
709,'1471247',1341,,346,25,,,0
709,'1471248',1411,,347,25,,,0
709,'1471249',1441,,348,25,,,0
709,'1471250',1511,,349,25,,,0
709,'1471251',1541,,350,25,,,0
709,'1471252',1611,,351,25,,,0
709,'1471253',1641,,352,25,,,0
709,'1471254',1711,,353,25,,,0
709,'1471255',1741,,354,25,,,0
709,'1471256',1811,,355,25,,,0
709,'1471257',1841,,356,25,,,0
709,'1471258',1911,,357,25,,,0
709,'1471259',1941,,358,25,,,0
709,'1471260',2011,,359,25,,,0
709,'1480384',641,,360,25,,,0
709,'1480385',711,,361,25,,,0
709,'1480386',741,,362,25,,,0
709,'1480387',811,,363,25,,,0
709,'1480388',841,,364,25,,,0
709,'1480389',911,,365,25,,,0
709,'1480390',941,,366,25,,,0
709,'1480391',1011,,367,25,,,0
709,'1480392',1041,,368,25,,,0
709,'1480393',1111,,369,25,,,0
709,'1480394',1141,,370,25,,,0
709,'1480395',1211,,371,25,,,0
709,'1480396',1241,,372,25,,,0
709,'1480397',1311,,373,25,,,0
709,'1480398',1341,,374,25,,,0
709,'1480399',1411,,375,25,,,0
709,'1480400',1441,,376,25,,,0
709,'1480401',1511,,377,25,,,0
709,'1480402',1541,,378,25,,,0
709,'1480403',1611,,379,25,,,0
709,'1480404',1641,,380,25,,,0
709,'1480405',1711,,381,25,,,0
709,'1480406',1741,,382,25,,,0
709,'1480407',1811,,383,25,,,0
709,'1480408',1841,,384,25,,,0
709,'1480409',1911,,385,25,,,0
709,'1480410',1941,,386,25,,,0
709,'1480411',2011,,387,25,,,0
709,'1480412',2041,,388,25,,,0
709,'1480413',2111,,389,25,,,0
709,'1480414',2141,,390,25,,,0
709,'1480415',2211,,391,25,,,0
709,'1480416',2241,,392,25,,,0
709,'1489570',641,,248,25,,,0
709,'1489571',711,,249,25,,,0
709,'1489572',741,,250,25,,,0
709,'1489573',811,,251,25,,,0
709,'1489574',841,,252,25,,,0
709,'1489575',911,,253,25,,,0
709,'1489576',941,,254,25,,,0
709,'1489577',1011,,255,25,,,0
709,'1489578',1041,,256,25,,,0
709,'1489579',1111,,257,25,,,0
709,'1489580',1141,,258,25,,,0
709,'1489581',1211,,259,25,,,0
709,'1489582',1241,,260,25,,,0
709,'1489583',1311,,261,25,,,0
709,'1489584',1341,,262,25,,,0
709,'1489585',1411,,263,25,,,0
709,'1489586',1441,,264,25,,,0
709,'1489587',1511,,265,25,,,0
709,'1489588',1541,,266,25,,,0
709,'1489589',1611,,267,25,,,0
709,'1489590',1641,,268,25,,,0
709,'1489591',1711,,269,25,,,0
709,'1489592',1741,,270,25,,,0
709,'1489593',1811,,271,25,,,0
709,'1489594',1841,,272,25,,,0
709,'1489595',1911,,273,25,,,0
709,'1489596',1941,,274,25,,,0
709,'1489597',2011,,275,25,,,0
709,'1489598',2041,,276,25,,,0
709,'1489599',2111,,277,25,,,0
709,'1489600',2141,,278,25,,,0
709,'1489601',2211,,279,25,,,0
709,'1489602',2241,,280,25,,,0
