809,'1489412',628,,281,14,,,0
809,'1489413',658,,282,14,,,0
809,'1489414',728,,283,14,,,0
809,'1489415',758,,284,14,,,0
809,'1489416',828,,285,14,,,0
809,'1489417',858,,286,14,,,0
809,'1489418',928,,287,14,,,0
809,'1489419',958,,288,14,,,0
809,'1489420',1028,,289,14,,,0
809,'1489421',1058,,290,14,,,0
809,'1489422',1128,,291,14,,,0
809,'1489423',1158,,292,14,,,0
809,'1489424',1228,,293,14,,,0
809,'1489425',1258,,294,14,,,0
809,'1489426',1328,,295,14,,,0
809,'1489427',1358,,296,14,,,0
809,'1489428',1428,,297,14,,,0
809,'1489429',1458,,298,14,,,0
809,'1489430',1528,,299,14,,,0
809,'1489431',1558,,300,14,,,0
809,'1489432',1628,,301,14,,,0
809,'1489433',1658,,302,14,,,0
809,'1489434',1728,,303,14,,,0
809,'1489435',1758,,304,14,,,0
809,'1489436',1828,,305,14,,,0
809,'1489437',1858,,306,14,,,0
809,'1489438',1928,,307,14,,,0
809,'1489439',1958,,308,14,,,0
809,'1489440',2028,,309,14,,,0
809,'1489441',2058,,310,14,,,0
809,'1489442',2128,,311,14,,,0
809,'1489443',2158,,312,14,,,0
809,'1489444',2228,,313,14,,,0
809,'1489445',858,,314,14,,,0
809,'1489446',928,,315,14,,,0
809,'1489447',958,,316,14,,,0
809,'1489448',1028,,317,14,,,0
809,'1489449',1058,,318,14,,,0
809,'1489450',1128,,319,14,,,0
809,'1489451',1158,,320,14,,,0
809,'1489452',1228,,321,14,,,0
809,'1489453',1258,,322,14,,,0
809,'1489454',1328,,323,14,,,0
809,'1489455',1358,,324,14,,,0
809,'1489456',1428,,325,14,,,0
809,'1489457',1458,,326,14,,,0
809,'1489458',1528,,327,14,,,0
809,'1489459',1558,,328,14,,,0
809,'1489460',1628,,329,14,,,0
809,'1489461',1658,,330,14,,,0
809,'1489462',1728,,331,14,,,0
809,'1489463',1758,,332,14,,,0
809,'1489464',1828,,333,14,,,0
809,'1489465',1858,,334,14,,,0
809,'1489466',1928,,335,14,,,0
809,'1489467',1958,,336,14,,,0
