3029,'1402545',1558,,734,23,,,0
3029,'1402556',1358,,735,23,,,0
3029,'1402591',858,,736,23,,,0
3029,'1402611',1958,,737,23,,,0
3029,'1402624',1458,,738,23,,,0
3029,'1402656',1258,,739,23,,,0
3029,'1402688',1758,,740,23,,,0
3029,'1402691',1658,,741,23,,,0
3029,'1402699',958,,742,23,,,0
3029,'1402712',1458,,743,23,,,0
3029,'1402767',1558,,744,23,,,0
3029,'1402779',1258,,745,23,,,0
3029,'1402786',758,,746,23,,,0
3029,'1402795',1758,,747,23,,,0
3029,'1402803',1058,,748,23,,,0
3029,'1402809',658,,749,23,,,0
3029,'1402841',958,,750,23,,,0
3029,'1402852',2158,,751,23,,,0
3029,'1402874',1858,,752,23,,,0
3029,'1402905',1058,,753,23,,,0
3029,'1402920',858,,754,23,,,0
3029,'1402929',1158,,755,23,,,0
3029,'1402937',1658,,756,23,,,0
3029,'1402949',1158,,757,23,,,0
3029,'1403010',2058,,758,23,,,0
3029,'1403018',1858,,759,23,,,0
3029,'1403044',1358,,760,23,,,0
3029,'1450947',2001,,594,23,,,0
