309,'1450947',2000,,594,21,0,5 6,0
309,'1492333',630,,595,23,0,5 7,0
309,'1492334',730,,596,23,0,5 7,0
309,'1492335',830,,597,23,0,5 7,0
309,'1492336',930,,598,23,0,5 7,0
309,'1492337',1030,,599,23,0,5 7,0
309,'1492338',1130,,600,23,0,5 7,0
309,'1492339',1230,,601,23,0,5 7,0
309,'1492340',1330,,602,23,0,5 7,0
309,'1492341',1430,,603,23,0,5 7,0
309,'1492342',1530,,604,23,0,5 7,0
309,'1492343',1630,,605,23,0,5 7,0
309,'1492344',1730,,606,23,0,5 7,0
309,'1492345',1830,,607,23,0,5 7,0
309,'1492346',1930,,608,23,0,5 7,0
309,'1492347',2030,,609,23,0,5 7,0
309,'1492348',2130,,610,23,0,5 7,0
309,'1492349',2230,,611,23,0,5 7,0
309,'1492350',930,,612,23,0,5 7,0
309,'1492351',1030,,613,23,0,5 7,0
309,'1492352',1130,,614,23,0,5 7,0
309,'1492353',1230,,615,23,0,5 7,0
309,'1492354',1330,,616,23,0,5 7,0
309,'1492355',1430,,617,23,0,5 7,0
309,'1492356',1530,,618,23,0,5 7,0
309,'1492357',1630,,619,23,0,5 7,0
309,'1492358',1730,,620,23,0,5 7,0
309,'1492359',1830,,621,23,0,5 7,0
309,'1492360',1930,,622,23,0,5 7,0
309,'1492361',658,,623,21,0,5 6,0
309,'1492362',758,,624,21,0,5 6,0
309,'1492363',858,,625,21,0,5 6,0
309,'1492364',958,,626,21,0,5 6,0
309,'1492365',1058,,627,21,0,5 6,0
309,'1492366',1158,,628,21,0,5 6,0
309,'1492367',1258,,629,21,0,5 6,0
309,'1492368',1358,,630,21,0,5 6,0
309,'1492369',1458,,631,21,0,5 6,0
309,'1492370',1558,,632,21,0,5 6,0
309,'1492371',1658,,633,21,0,5 6,0
309,'1492372',1758,,634,21,0,5 6,0
309,'1492373',1858,,635,21,0,5 6,0
309,'1492374',1958,,636,21,0,5 6,0
309,'1492375',2058,,637,21,0,5 6,0
309,'1492376',2158,,638,21,0,5 6,0
309,'1492377',858,,639,21,0,5 6,0
309,'1492378',958,,640,21,0,5 6,0
309,'1492379',1058,,641,21,0,5 6,0
309,'1492380',1158,,642,21,0,5 6,0
309,'1492381',1258,,643,21,0,5 6,0
309,'1492382',1358,,644,21,0,5 6,0
309,'1492383',1458,,645,21,0,5 6,0
309,'1492384',1558,,646,21,0,5 6,0
309,'1492385',1658,,647,21,0,5 6,0
309,'1492386',1758,,648,21,0,5 6,0
309,'1492387',1858,,649,21,0,5 6,0
