209,'1474286',625,,538,20,,,0
209,'1474287',655,,539,20,,,0
209,'1474288',725,,540,20,,,0
209,'1474289',755,,541,20,,,0
209,'1474290',825,,542,20,,,0
209,'1474291',855,,543,20,,,0
209,'1474292',925,,544,20,,,0
209,'1474293',955,,545,20,,,0
209,'1474294',1025,,546,20,,,0
209,'1474295',1055,,547,20,,,0
209,'1474296',1125,,548,20,,,0
209,'1474297',1155,,549,20,,,0
209,'1474298',1225,,550,20,,,0
209,'1474299',1255,,551,20,,,0
209,'1474300',1325,,552,20,,,0
209,'1474301',1355,,553,20,,,0
209,'1474302',1425,,554,20,,,0
209,'1474303',1455,,555,20,,,0
209,'1474304',1525,,556,20,,,0
209,'1474305',1555,,557,20,,,0
209,'1474306',1625,,558,20,,,0
209,'1474307',1655,,559,20,,,0
209,'1474308',1725,,560,20,,,0
209,'1474309',1755,,561,20,,,0
209,'1474310',1825,,562,20,,,0
209,'1474311',1855,,563,20,,,0
209,'1474312',1925,,564,20,,,0
209,'1474313',1955,,565,20,,,0
209,'1474314',2025,,566,20,,,0
209,'1474315',2055,,567,20,,,0
209,'1474316',2125,,568,20,,,0
209,'1474317',2155,,569,20,,,0
209,'1474318',2225,,570,20,,,0
209,'1474319',855,,571,20,,,0
209,'1474320',925,,572,20,,,0
209,'1474321',955,,573,20,,,0
209,'1474322',1025,,574,20,,,0
209,'1474323',1055,,575,20,,,0
209,'1474324',1125,,576,20,,,0
209,'1474325',1155,,577,20,,,0
209,'1474326',1225,,578,20,,,0
209,'1474327',1255,,579,20,,,0
209,'1474328',1325,,580,20,,,0
209,'1474329',1355,,581,20,,,0
209,'1474330',1425,,582,20,,,0
209,'1474331',1455,,583,20,,,0
209,'1474332',1525,,584,20,,,0
209,'1474333',1555,,585,20,,,0
209,'1474334',1625,,586,20,,,0
209,'1474335',1655,,587,20,,,0
209,'1474336',1725,,588,20,,,0
209,'1474337',1755,,589,20,,,0
209,'1474338',1825,,590,20,,,0
209,'1474339',1855,,591,20,,,0
209,'1474340',1925,,592,20,,,0
209,'1474341',1955,,593,20,,,0
