2019,'1467963',1956,,650,22,,,0
2019,'1467965',1256,,651,22,,,0
2019,'1467968',1526,,652,22,,,0
2019,'1467975',1026,,653,22,,,0
2019,'1467991',1226,,654,22,,,0
2019,'1467993',1656,,655,22,,,0
2019,'1467994',856,,656,22,,,0
2019,'1468003',1356,,657,22,,,0
2019,'1468007',2156,,658,22,,,0
2019,'1468017',926,,659,22,,,0
2019,'1468027',1526,,660,22,,,0
2019,'1468031',1456,,661,22,,,0
2019,'1468034',1756,,662,22,,,0
2019,'1468038',956,,663,22,,,0
2019,'1468046',956,,664,22,,,0
2019,'1468054',856,,665,22,,,0
2019,'1468079',826,,666,22,,,0
2019,'1468088',2026,,667,22,,,0
2019,'1468109',1226,,668,22,,,0
2019,'1468126',1656,,669,22,,,0
2019,'1468127',756,,670,22,,,0
2019,'1468129',1056,,671,22,,,0
2019,'1468134',1856,,672,22,,,0
2019,'1468156',1826,,673,22,,,0
2019,'1468158',1726,,674,22,,,0
2019,'1468169',1326,,675,22,,,0
2019,'1468197',1326,,676,22,,,0
2019,'1468238',1126,,677,22,,,0
2019,'1468240',926,,678,22,,,0
2019,'1468243',1826,,679,22,,,0
2019,'1468250',1356,,680,22,,,0
2019,'1468284',1126,,681,22,,,0
2019,'1468288',1256,,682,22,,,0
2019,'1468289',1426,,683,22,,,0
2019,'1468293',1056,,684,22,,,0
2019,'1468302',1156,,685,22,,,0
2019,'1468306',1626,,686,22,,,0
2019,'1468315',1756,,687,22,,,0
2019,'1468319',2056,,688,22,,,0
2019,'1468325',1926,,689,22,,,0
2019,'1468342',1426,,690,22,,,0
2019,'1468357',1026,,691,22,,,0
2019,'1468388',626,,692,22,,,0
2019,'1468398',1626,,693,22,,,0
2019,'1468402',1856,,694,22,,,0
2019,'1468403',2226,,695,22,,,0
2019,'1468408',1726,,696,22,,,0
2019,'1468420',1456,,697,22,,,0
2019,'1468421',656,,698,22,,,0
2019,'1468443',1556,,699,22,,,0
2019,'1468446',2126,,700,22,,,0
2019,'1468448',726,,701,22,,,0
2019,'1468453',1156,,702,22,,,0
2019,'1468457',1926,,703,22,,,0
2019,'1468479',1556,,704,22,,,0
2019,'1468482',1956,,705,22,,,0
