109,'1456814',1432,,1,14,,,0
109,'1456819',1602,,2,14,,,0
109,'1456824',1832,,3,14,,,0
109,'1456829',902,,4,14,,,0
109,'1456834',932,,5,14,,,0
109,'1456836',1832,,6,14,,,0
109,'1456837',702,,7,14,,,0
109,'1456840',1802,,8,14,,,0
109,'1456877',932,,9,14,,,0
109,'1456880',632,,10,14,,,0
109,'1456889',1632,,11,14,,,0
109,'1456915',1032,,12,14,,,0
109,'1456918',1902,,13,14,,,0
109,'1456919',1632,,14,14,,,0
109,'1456920',2132,,15,14,,,0
109,'1456950',832,,16,14,,,0
109,'1456960',1202,,17,14,,,0
109,'1456962',1302,,18,14,,,0
109,'1456984',1102,,19,14,,,0
109,'1456985',2032,,20,14,,,0
109,'1457004',802,,21,14,,,0
109,'1457017',1232,,22,14,,,0
109,'1457020',1802,,23,14,,,0
109,'1457022',1332,,24,14,,,0
109,'1457029',2202,,25,14,,,0
109,'1457030',2102,,26,14,,,0
109,'1457036',1932,,27,14,,,0
109,'1457038',1502,,28,14,,,0
109,'1457041',1602,,29,14,,,0
109,'1457072',902,,30,14,,,0
109,'1457093',1532,,31,14,,,0
109,'1457107',732,,32,14,,,0
109,'1457111',1032,,33,14,,,0
109,'1457122',1002,,34,14,,,0
109,'1457126',2002,,35,14,,,0
109,'1457134',1902,,36,14,,,0
109,'1457138',1702,,37,14,,,0
109,'1457157',1132,,38,14,,,0
109,'1457178',1402,,39,14,,,0
109,'1457184',1432,,40,14,,,0
109,'1457201',1302,,41,14,,,0
109,'1457203',1202,,42,14,,,0
109,'1457208',2002,,43,14,,,0
109,'1457212',1402,,44,14,,,0
109,'1457238',1702,,45,14,,,0
109,'1457256',1132,,46,14,,,0
109,'1457268',1732,,47,14,,,0
109,'1457283',1732,,48,14,,,0
109,'1457290',2232,,49,14,,,0
109,'1457302',1532,,50,14,,,0
109,'1457309',1932,,51,14,,,0
109,'1457336',1102,,52,14,,,0
109,'1457337',1002,,53,14,,,0
109,'1457368',1232,,54,14,,,0
109,'1457373',1332,,55,14,,,0
109,'1457382',1502,,56,14,,,0
