2019,'1467963',2002,,650,35,,,0
2019,'1467965',1302,,651,35,,,0
2019,'1467968',1532,,652,35,,,0
2019,'1467975',1032,,653,35,,,0
2019,'1467991',1232,,654,35,,,0
2019,'1467993',1702,,655,35,,,0
2019,'1467994',902,,656,35,,,0
2019,'1468003',1402,,657,35,,,0
2019,'1468007',2202,,658,35,,,0
2019,'1468017',932,,659,35,,,0
2019,'1468027',1532,,660,35,,,0
2019,'1468031',1502,,661,35,,,0
2019,'1468034',1802,,662,35,,,0
2019,'1468038',1002,,663,35,,,0
2019,'1468046',1002,,664,35,,,0
2019,'1468054',902,,665,35,,,0
2019,'1468079',832,,666,35,,,0
2019,'1468088',2032,,667,35,,,0
2019,'1468109',1232,,668,35,,,0
2019,'1468126',1702,,669,35,,,0
2019,'1468127',802,,670,35,,,0
2019,'1468129',1102,,671,35,,,0
2019,'1468134',1902,,672,35,,,0
2019,'1468156',1832,,673,35,,,0
2019,'1468158',1732,,674,35,,,0
2019,'1468169',1332,,675,35,,,0
2019,'1468197',1332,,676,35,,,0
2019,'1468238',1132,,677,35,,,0
2019,'1468240',932,,678,35,,,0
2019,'1468243',1832,,679,35,,,0
2019,'1468250',1402,,680,35,,,0
2019,'1468284',1132,,681,35,,,0
2019,'1468288',1302,,682,35,,,0
2019,'1468289',1432,,683,35,,,0
2019,'1468293',1102,,684,35,,,0
2019,'1468302',1202,,685,35,,,0
2019,'1468306',1632,,686,35,,,0
2019,'1468315',1802,,687,35,,,0
2019,'1468319',2102,,688,35,,,0
2019,'1468325',1932,,689,35,,,0
2019,'1468342',1432,,690,35,,,0
2019,'1468357',1032,,691,35,,,0
2019,'1468388',632,,692,35,,,0
2019,'1468398',1632,,693,35,,,0
2019,'1468402',1902,,694,35,,,0
2019,'1468403',2232,,695,35,,,0
2019,'1468408',1732,,696,35,,,0
2019,'1468420',1502,,697,35,,,0
2019,'1468421',702,,698,35,,,0
2019,'1468443',1602,,699,35,,,0
2019,'1468446',2132,,700,35,,,0
2019,'1468448',732,,701,35,,,0
2019,'1468453',1202,,702,35,,,0
2019,'1468457',1932,,703,35,,,0
2019,'1468479',1602,,704,35,,,0
2019,'1468482',2002,,705,35,,,0
