1019,'1456814',1435,,1,17,,,0
1019,'1456819',1605,,2,17,,,0
1019,'1456824',1835,,3,17,,,0
1019,'1456829',905,,4,17,,,0
1019,'1456834',935,,5,17,,,0
1019,'1456836',1835,,6,17,,,0
1019,'1456837',705,,7,17,,,0
1019,'1456840',1805,,8,17,,,0
1019,'1456877',935,,9,17,,,0
1019,'1456880',635,,10,17,,,0
1019,'1456889',1635,,11,17,,,0
1019,'1456915',1035,,12,17,,,0
1019,'1456918',1905,,13,17,,,0
1019,'1456919',1635,,14,17,,,0
1019,'1456920',2135,,15,17,,,0
1019,'1456950',835,,16,17,,,0
1019,'1456960',1205,,17,17,,,0
1019,'1456962',1305,,18,17,,,0
1019,'1456984',1105,,19,17,,,0
1019,'1456985',2035,,20,17,,,0
1019,'1457004',805,,21,17,,,0
1019,'1457017',1235,,22,17,,,0
1019,'1457020',1805,,23,17,,,0
1019,'1457022',1335,,24,17,,,0
1019,'1457029',2205,,25,17,,,0
1019,'1457030',2105,,26,17,,,0
1019,'1457036',1935,,27,17,,,0
1019,'1457038',1505,,28,17,,,0
1019,'1457041',1605,,29,17,,,0
1019,'1457072',905,,30,17,,,0
1019,'1457093',1535,,31,17,,,0
1019,'1457107',735,,32,17,,,0
1019,'1457111',1035,,33,17,,,0
1019,'1457122',1005,,34,17,,,0
1019,'1457126',2005,,35,17,,,0
1019,'1457134',1905,,36,17,,,0
1019,'1457138',1705,,37,17,,,0
1019,'1457157',1135,,38,17,,,0
1019,'1457178',1405,,39,17,,,0
1019,'1457184',1435,,40,17,,,0
1019,'1457201',1305,,41,17,,,0
1019,'1457203',1205,,42,17,,,0
1019,'1457208',2005,,43,17,,,0
1019,'1457212',1405,,44,17,,,0
1019,'1457238',1705,,45,17,,,0
1019,'1457256',1135,,46,17,,,0
1019,'1457268',1735,,47,17,,,0
1019,'1457283',1735,,48,17,,,0
1019,'1457290',2235,,49,17,,,0
1019,'1457302',1535,,50,17,,,0
1019,'1457309',1935,,51,17,,,0
1019,'1457336',1105,,52,17,,,0
1019,'1457337',1005,,53,17,,,0
1019,'1457368',1235,,54,17,,,0
1019,'1457373',1335,,55,17,,,0
1019,'1457382',1505,,56,17,,,0
3019,'1442631',1122,,706,15,,,0
3019,'1442675',1422,,707,15,,,0
3019,'1442733',1122,,708,15,,,0
3019,'1442752',2022,,709,15,,,0
3019,'1443103',1822,,710,15,,,0
3019,'1443204',1022,,711,15,,,0
3019,'1443220',1522,,712,15,,,0
3019,'1443234',2222,,713,15,,,0
3019,'1443313',1922,,714,15,,,0
3019,'1443385',1222,,715,15,,,0
3019,'1443475',1722,,716,15,,,0
3019,'1443501',1622,,717,15,,,0
3019,'1443646',622,,718,15,,,0
3019,'1443682',1322,,719,15,,,0
3019,'1443691',1722,,720,15,,,0
3019,'1443873',1922,,721,15,,,0
3019,'1443914',1322,,722,15,,,0
3019,'1443932',1022,,723,15,,,0
3019,'1444023',1422,,724,15,,,0
3019,'1444126',1822,,725,15,,,0
3019,'1444142',922,,726,15,,,0
3019,'1444180',922,,727,15,,,0
3019,'1444241',1622,,728,15,,,0
3019,'1444339',2122,,729,15,,,0
3019,'1444435',1522,,730,15,,,0
3019,'1444530',822,,731,15,,,0
3019,'1444556',1222,,732,15,,,0
3019,'1444662',722,,733,15,,,0
3029,'1402545',1552,,734,15,,,0
3029,'1402556',1352,,735,15,,,0
3029,'1402591',852,,736,15,,,0
3029,'1402611',1952,,737,15,,,0
3029,'1402624',1452,,738,15,,,0
3029,'1402656',1252,,739,15,,,0
3029,'1402688',1752,,740,15,,,0
3029,'1402691',1652,,741,15,,,0
3029,'1402699',952,,742,15,,,0
3029,'1402712',1452,,743,15,,,0
3029,'1402767',1552,,744,15,,,0
3029,'1402779',1252,,745,15,,,0
3029,'1402786',752,,746,15,,,0
3029,'1402795',1752,,747,15,,,0
3029,'1402803',1052,,748,15,,,0
3029,'1402809',652,,749,15,,,0
3029,'1402841',952,,750,15,,,0
3029,'1402852',2152,,751,15,,,0
3029,'1402874',1852,,752,15,,,0
3029,'1402905',1052,,753,15,,,0
3029,'1402920',852,,754,15,,,0
3029,'1402929',1152,,755,15,,,0
3029,'1402937',1652,,756,15,,,0
3029,'1402949',1152,,757,15,,,0
3029,'1403010',2052,,758,15,,,0
3029,'1403018',1852,,759,15,,,0
3029,'1403044',1352,,760,15,,,0
3029,'1450947',1952,,594,15,,,0
