209,'1457470',1626,,57,24,,,0
209,'1457478',1826,,58,24,,,0
209,'1457483',1526,,59,24,,,0
209,'1457489',2226,,60,24,,,0
209,'1457510',1226,,61,24,,,0
209,'1457518',926,,62,24,,,0
209,'1457527',1656,,63,24,,,0
209,'1457529',756,,64,24,,,0
209,'1457565',626,,65,24,,,0
209,'1457573',2126,,66,24,,,0
209,'1457608',2026,,67,24,,,0
209,'1457622',1756,,68,24,,,0
209,'1457643',2156,,69,24,,,0
209,'1457651',1856,,70,24,,,0
209,'1457697',1456,,71,24,,,0
209,'1457706',1026,,72,24,,,0
209,'1457736',1326,,73,24,,,0
209,'1457789',956,,74,24,,,0
209,'1457792',856,,75,24,,,0
209,'1457805',1556,,76,24,,,0
209,'1457813',1056,,77,24,,,0
209,'1457840',1356,,78,24,,,0
209,'1457842',2056,,79,24,,,0
209,'1457892',826,,80,24,,,0
209,'1457903',1256,,81,24,,,0
209,'1457922',1126,,82,24,,,0
209,'1457963',1726,,83,24,,,0
209,'1457979',1956,,84,24,,,0
209,'1458006',1426,,85,24,,,0
209,'1458025',656,,86,24,,,0
209,'1458029',1926,,87,24,,,0
209,'1458032',1156,,88,24,,,0
209,'1458046',726,,89,24,,,0
209,'1469168',856,,90,24,,,0
209,'1469169',926,,91,24,,,0
209,'1469170',956,,92,24,,,0
209,'1469171',1026,,93,24,,,0
209,'1469172',1056,,94,24,,,0
209,'1469173',1126,,95,24,,,0
209,'1469174',1156,,96,24,,,0
209,'1469175',1226,,97,24,,,0
209,'1469176',1256,,98,24,,,0
209,'1469177',1326,,99,24,,,0
209,'1469178',1356,,100,24,,,0
209,'1469179',1426,,101,24,,,0
209,'1469180',1456,,102,24,,,0
209,'1469181',1526,,103,24,,,0
209,'1469182',1556,,104,24,,,0
209,'1469183',1626,,105,24,,,0
209,'1469184',1656,,106,24,,,0
209,'1469185',1726,,107,24,,,0
209,'1469186',1756,,108,24,,,0
209,'1469187',1826,,109,24,,,0
209,'1469188',1856,,110,24,,,0
209,'1469189',1926,,111,24,,,0
209,'1469190',1956,,112,24,,,0
