209,'1457470',1633,,57,36,,,0
209,'1457478',1833,,58,36,,,0
209,'1457483',1533,,59,36,,,0
209,'1457489',2233,,60,36,,,0
209,'1457510',1233,,61,36,,,0
209,'1457518',933,,62,36,,,0
209,'1457527',1703,,63,36,,,0
209,'1457529',803,,64,36,,,0
209,'1457565',633,,65,36,,,0
209,'1457573',2133,,66,36,,,0
209,'1457608',2033,,67,36,,,0
209,'1457622',1803,,68,36,,,0
209,'1457643',2203,,69,36,,,0
209,'1457651',1903,,70,36,,,0
209,'1457697',1503,,71,36,,,0
209,'1457706',1033,,72,36,,,0
209,'1457736',1333,,73,36,,,0
209,'1457789',1003,,74,36,,,0
209,'1457792',903,,75,36,,,0
209,'1457805',1603,,76,36,,,0
209,'1457813',1103,,77,36,,,0
209,'1457840',1403,,78,36,,,0
209,'1457842',2103,,79,36,,,0
209,'1457892',833,,80,36,,,0
209,'1457903',1303,,81,36,,,0
209,'1457922',1133,,82,36,,,0
209,'1457963',1733,,83,36,,,0
209,'1457979',2003,,84,36,,,0
209,'1458006',1433,,85,36,,,0
209,'1458025',703,,86,36,,,0
209,'1458029',1933,,87,36,,,0
209,'1458032',1203,,88,36,,,0
209,'1458046',733,,89,36,,,0
209,'1469168',903,,90,36,,,0
209,'1469169',933,,91,36,,,0
209,'1469170',1003,,92,36,,,0
209,'1469171',1033,,93,36,,,0
209,'1469172',1103,,94,36,,,0
209,'1469173',1133,,95,36,,,0
209,'1469174',1203,,96,36,,,0
209,'1469175',1233,,97,36,,,0
209,'1469176',1303,,98,36,,,0
209,'1469177',1333,,99,36,,,0
209,'1469178',1403,,100,36,,,0
209,'1469179',1433,,101,36,,,0
209,'1469180',1503,,102,36,,,0
209,'1469181',1533,,103,36,,,0
209,'1469182',1603,,104,36,,,0
209,'1469183',1633,,105,36,,,0
209,'1469184',1703,,106,36,,,0
209,'1469185',1733,,107,36,,,0
209,'1469186',1803,,108,36,,,0
209,'1469187',1833,,109,36,,,0
209,'1469188',1903,,110,36,,,0
209,'1469189',1933,,111,36,,,0
209,'1469190',2003,,112,36,,,0
