3019,'1442631',1140,,706,39,,,0
3019,'1442675',1440,,707,39,,,0
3019,'1442733',1140,,708,39,,,0
3019,'1442752',2040,,709,39,,,0
3019,'1443103',1840,,710,39,,,0
3019,'1443204',1040,,711,39,,,0
3019,'1443220',1540,,712,39,,,0
3019,'1443234',2240,,713,39,,,0
3019,'1443313',1940,,714,39,,,0
3019,'1443385',1240,,715,39,,,0
3019,'1443475',1740,,716,39,,,0
3019,'1443501',1640,,717,39,,,0
3019,'1443646',640,,718,39,,,0
3019,'1443682',1340,,719,39,,,0
3019,'1443691',1740,,720,39,,,0
3019,'1443873',1940,,721,39,,,0
3019,'1443914',1340,,722,39,,,0
3019,'1443932',1040,,723,39,,,0
3019,'1444023',1440,,724,39,,,0
3019,'1444126',1840,,725,39,,,0
3019,'1444142',940,,726,39,,,0
3019,'1444180',940,,727,39,,,0
3019,'1444241',1640,,728,39,,,0
3019,'1444339',2140,,729,39,,,0
3019,'1444435',1540,,730,39,,,0
3019,'1444530',840,,731,39,,,0
3019,'1444556',1240,,732,39,,,0
3019,'1444662',740,,733,39,,,0
3029,'1402545',1610,,734,38,,,0
3029,'1402556',1410,,735,38,,,0
3029,'1402591',910,,736,38,,,0
3029,'1402611',2010,,737,38,,,0
3029,'1402624',1510,,738,38,,,0
3029,'1402656',1310,,739,38,,,0
3029,'1402688',1810,,740,38,,,0
3029,'1402691',1710,,741,38,,,0
3029,'1402699',1010,,742,38,,,0
3029,'1402712',1510,,743,38,,,0
3029,'1402767',1610,,744,38,,,0
3029,'1402779',1310,,745,38,,,0
3029,'1402786',810,,746,38,,,0
3029,'1402795',1810,,747,38,,,0
3029,'1402803',1110,,748,38,,,0
3029,'1402809',710,,749,38,,,0
3029,'1402841',1010,,750,38,,,0
3029,'1402852',2210,,751,38,,,0
3029,'1402874',1910,,752,38,,,0
3029,'1402905',1110,,753,38,,,0
3029,'1402920',910,,754,38,,,0
3029,'1402929',1210,,755,38,,,0
3029,'1402937',1710,,756,38,,,0
3029,'1402949',1210,,757,38,,,0
3029,'1403010',2110,,758,38,,,0
3029,'1403018',1910,,759,38,,,0
3029,'1403044',1410,,760,38,,,0
3029,'1450947',2009,,594,38,,,0
