409,'1474077',627,,169,19,,,0
409,'1474078',657,,170,19,,,0
409,'1474079',727,,171,19,,,0
409,'1474080',757,,172,19,,,0
409,'1474081',827,,173,19,,,0
409,'1474082',857,,174,19,,,0
409,'1474083',927,,175,19,,,0
409,'1474084',957,,176,19,,,0
409,'1474085',1027,,177,19,,,0
409,'1474086',1057,,178,19,,,0
409,'1474087',1127,,179,19,,,0
409,'1474088',1157,,180,19,,,0
409,'1474089',1227,,181,19,,,0
409,'1474090',1257,,182,19,,,0
409,'1474091',1327,,183,19,,,0
409,'1474092',1357,,184,19,,,0
409,'1474093',1427,,185,19,,,0
409,'1474094',1457,,186,19,,,0
409,'1474095',1527,,187,19,,,0
409,'1474096',1557,,188,19,,,0
409,'1474097',1627,,189,19,,,0
409,'1474098',1657,,190,19,,,0
409,'1474099',1727,,191,19,,,0
409,'1474100',1757,,192,19,,,0
409,'1474101',1827,,193,19,,,0
409,'1474102',1857,,194,19,,,0
409,'1474103',1927,,195,19,,,0
409,'1474104',1957,,196,19,,,0
409,'1474105',2027,,197,19,,,0
409,'1474106',2057,,198,19,,,0
409,'1474107',2127,,199,19,,,0
409,'1474108',2157,,200,19,,,0
409,'1474109',2227,,201,19,,,0
409,'1474110',857,,202,19,,,0
409,'1474111',927,,203,19,,,0
409,'1474112',957,,204,19,,,0
409,'1474113',1027,,205,19,,,0
409,'1474114',1057,,206,19,,,0
409,'1474115',1127,,207,19,,,0
409,'1474116',1157,,208,19,,,0
409,'1474117',1227,,209,19,,,0
409,'1474118',1257,,210,19,,,0
409,'1474119',1327,,211,19,,,0
409,'1474120',1357,,212,19,,,0
409,'1474121',1427,,213,19,,,0
409,'1474122',1457,,214,19,,,0
409,'1474123',1527,,215,19,,,0
409,'1474124',1557,,216,19,,,0
409,'1474125',1627,,217,19,,,0
409,'1474126',1657,,218,19,,,0
409,'1474127',1727,,219,19,,,0
409,'1474128',1757,,220,19,,,0
409,'1474129',1827,,221,19,,,0
409,'1474130',1857,,222,19,,,0
409,'1474131',1927,,223,19,,,0
409,'1474132',1957,,224,19,,,0
