4019,'1492568',616,,761,3,,,0
4019,'1492569',646,,762,3,,,0
4019,'1492570',716,,763,3,,,0
4019,'1492571',746,,764,3,,,0
4019,'1492572',816,,765,3,,,0
4019,'1492573',846,,766,3,,,0
4019,'1492574',916,,767,3,,,0
4019,'1492575',946,,768,3,,,0
4019,'1492576',1016,,769,3,,,0
4019,'1492577',1046,,770,3,,,0
4019,'1492578',1116,,771,3,,,0
4019,'1492579',1146,,772,3,,,0
4019,'1492580',1216,,773,3,,,0
4019,'1492581',1246,,774,3,,,0
4019,'1492582',1316,,775,3,,,0
4019,'1492583',1346,,776,3,,,0
4019,'1492584',1416,,777,3,,,0
4019,'1492585',1446,,778,3,,,0
4019,'1492586',1516,,779,3,,,0
4019,'1492587',1546,,780,3,,,0
4019,'1492588',1616,,781,3,,,0
4019,'1492589',1646,,782,3,,,0
4019,'1492590',1716,,783,3,,,0
4019,'1492591',1746,,784,3,,,0
4019,'1492592',1816,,785,3,,,0
4019,'1492593',1846,,786,3,,,0
4019,'1492594',1916,,787,3,,,0
4019,'1492595',1946,,788,3,,,0
4019,'1492596',2016,,789,3,,,0
4019,'1492597',2046,,790,3,,,0
4019,'1492598',2116,,791,3,,,0
4019,'1492599',2146,,792,3,,,0
4019,'1492600',2216,,793,3,,,0
4019,'1492601',846,,794,3,,,0
4019,'1492602',916,,795,3,,,0
4019,'1492603',946,,796,3,,,0
4019,'1492604',1016,,797,3,,,0
4019,'1492605',1046,,798,3,,,0
4019,'1492606',1116,,799,3,,,0
4019,'1492607',1146,,800,3,,,0
4019,'1492608',1216,,801,3,,,0
4019,'1492609',1246,,802,3,,,0
4019,'1492610',1316,,803,3,,,0
4019,'1492611',1346,,804,3,,,0
4019,'1492612',1416,,805,3,,,0
4019,'1492613',1446,,806,3,,,0
4019,'1492614',1516,,807,3,,,0
4019,'1492615',1546,,808,3,,,0
4019,'1492616',1616,,809,3,,,0
4019,'1492617',1646,,810,3,,,0
4019,'1492618',1716,,811,3,,,0
4019,'1492619',1746,,812,3,,,0
4019,'1492620',1816,,813,3,,,0
4019,'1492621',1846,,814,3,,,0
4019,'1492622',1916,,815,3,,,0
4019,'1492623',1946,,816,3,,,0
7019,'1442614',715,,449,3,,,0
7019,'1442622',1945,,450,3,,,0
7019,'1442670',2115,,451,3,,,0
7019,'1442732',2015,,452,3,,,0
7019,'1442767',1615,,453,3,,,0
7019,'1442817',1645,,454,3,,,0
7019,'1442848',1745,,455,3,,,0
7019,'1442896',745,,456,3,,,0
7019,'1442972',1915,,457,3,,,0
7019,'1443069',1215,,458,3,,,0
7019,'1443156',615,,459,3,,,0
7019,'1443162',1345,,460,3,,,0
7019,'1443179',1415,,461,3,,,0
7019,'1443229',1245,,462,3,,,0
7019,'1443345',1815,,463,3,,,0
7019,'1443404',815,,464,3,,,0
7019,'1443436',1145,,465,3,,,0
7019,'1443487',1115,,466,3,,,0
7019,'1443532',645,,467,3,,,0
7019,'1443541',915,,468,3,,,0
7019,'1443550',2215,,469,3,,,0
7019,'1443573',1545,,470,3,,,0
7019,'1443663',1015,,471,3,,,0
7019,'1443697',945,,472,3,,,0
7019,'1443868',845,,473,3,,,0
7019,'1443959',1045,,474,3,,,0
7019,'1443993',1315,,475,3,,,0
7019,'1444109',1445,,476,3,,,0
7019,'1444167',2045,,477,3,,,0
7019,'1444230',1845,,478,3,,,0
7019,'1444467',1715,,479,3,,,0
7019,'1444493',1515,,480,3,,,0
7019,'1444706',2145,,481,3,,,0
7019,'1471238',847,,337,3,,,0
7019,'1471239',917,,338,3,,,0
7019,'1471240',947,,339,3,,,0
7019,'1471241',1017,,340,3,,,0
7019,'1471242',1047,,341,3,,,0
7019,'1471243',1117,,342,3,,,0
7019,'1471244',1147,,343,3,,,0
7019,'1471245',1217,,344,3,,,0
7019,'1471246',1247,,345,3,,,0
7019,'1471247',1317,,346,3,,,0
7019,'1471248',1347,,347,3,,,0
7019,'1471249',1417,,348,3,,,0
7019,'1471250',1447,,349,3,,,0
7019,'1471251',1517,,350,3,,,0
7019,'1471252',1547,,351,3,,,0
7019,'1471253',1617,,352,3,,,0
7019,'1471254',1647,,353,3,,,0
7019,'1471255',1717,,354,3,,,0
7019,'1471256',1747,,355,3,,,0
7019,'1471257',1817,,356,3,,,0
7019,'1471258',1847,,357,3,,,0
7019,'1471259',1917,,358,3,,,0
7019,'1471260',1947,,359,3,,,0
