309,'1450947',2006,,594,34,0,5 6,0
309,'1492333',637,,595,35,0,5 7,0
309,'1492334',737,,596,35,0,5 7,0
309,'1492335',837,,597,35,0,5 7,0
309,'1492336',937,,598,35,0,5 7,0
309,'1492337',1037,,599,35,0,5 7,0
309,'1492338',1137,,600,35,0,5 7,0
309,'1492339',1237,,601,35,0,5 7,0
309,'1492340',1337,,602,35,0,5 7,0
309,'1492341',1437,,603,35,0,5 7,0
309,'1492342',1537,,604,35,0,5 7,0
309,'1492343',1637,,605,35,0,5 7,0
309,'1492344',1737,,606,35,0,5 7,0
309,'1492345',1837,,607,35,0,5 7,0
309,'1492346',1937,,608,35,0,5 7,0
309,'1492347',2037,,609,35,0,5 7,0
309,'1492348',2137,,610,35,0,5 7,0
309,'1492349',2237,,611,35,0,5 7,0
309,'1492350',937,,612,35,0,5 7,0
309,'1492351',1037,,613,35,0,5 7,0
309,'1492352',1137,,614,35,0,5 7,0
309,'1492353',1237,,615,35,0,5 7,0
309,'1492354',1337,,616,35,0,5 7,0
309,'1492355',1437,,617,35,0,5 7,0
309,'1492356',1537,,618,35,0,5 7,0
309,'1492357',1637,,619,35,0,5 7,0
309,'1492358',1737,,620,35,0,5 7,0
309,'1492359',1837,,621,35,0,5 7,0
309,'1492360',1937,,622,35,0,5 7,0
309,'1492361',707,,623,34,0,5 6,0
309,'1492362',807,,624,34,0,5 6,0
309,'1492363',907,,625,34,0,5 6,0
309,'1492364',1007,,626,34,0,5 6,0
309,'1492365',1107,,627,34,0,5 6,0
309,'1492366',1207,,628,34,0,5 6,0
309,'1492367',1307,,629,34,0,5 6,0
309,'1492368',1407,,630,34,0,5 6,0
309,'1492369',1507,,631,34,0,5 6,0
309,'1492370',1607,,632,34,0,5 6,0
309,'1492371',1707,,633,34,0,5 6,0
309,'1492372',1807,,634,34,0,5 6,0
309,'1492373',1907,,635,34,0,5 6,0
309,'1492374',2007,,636,34,0,5 6,0
309,'1492375',2107,,637,34,0,5 6,0
309,'1492376',2207,,638,34,0,5 6,0
309,'1492377',907,,639,34,0,5 6,0
309,'1492378',1007,,640,34,0,5 6,0
309,'1492379',1107,,641,34,0,5 6,0
309,'1492380',1207,,642,34,0,5 6,0
309,'1492381',1307,,643,34,0,5 6,0
309,'1492382',1407,,644,34,0,5 6,0
309,'1492383',1507,,645,34,0,5 6,0
309,'1492384',1607,,646,34,0,5 6,0
309,'1492385',1707,,647,34,0,5 6,0
309,'1492386',1807,,648,34,0,5 6,0
309,'1492387',1907,,649,34,0,5 6,0
