4019,'1492568',634,,761,25,,,0
4019,'1492569',704,,762,25,,,0
4019,'1492570',734,,763,25,,,0
4019,'1492571',804,,764,25,,,0
4019,'1492572',834,,765,25,,,0
4019,'1492573',904,,766,25,,,0
4019,'1492574',934,,767,25,,,0
4019,'1492575',1004,,768,25,,,0
4019,'1492576',1034,,769,25,,,0
4019,'1492577',1104,,770,25,,,0
4019,'1492578',1134,,771,25,,,0
4019,'1492579',1204,,772,25,,,0
4019,'1492580',1234,,773,25,,,0
4019,'1492581',1304,,774,25,,,0
4019,'1492582',1334,,775,25,,,0
4019,'1492583',1404,,776,25,,,0
4019,'1492584',1434,,777,25,,,0
4019,'1492585',1504,,778,25,,,0
4019,'1492586',1534,,779,25,,,0
4019,'1492587',1604,,780,25,,,0
4019,'1492588',1634,,781,25,,,0
4019,'1492589',1704,,782,25,,,0
4019,'1492590',1734,,783,25,,,0
4019,'1492591',1804,,784,25,,,0
4019,'1492592',1834,,785,25,,,0
4019,'1492593',1904,,786,25,,,0
4019,'1492594',1934,,787,25,,,0
4019,'1492595',2004,,788,25,,,0
4019,'1492596',2034,,789,25,,,0
4019,'1492597',2104,,790,25,,,0
4019,'1492598',2134,,791,25,,,0
4019,'1492599',2204,,792,25,,,0
4019,'1492600',2234,,793,25,,,0
4019,'1492601',904,,794,25,,,0
4019,'1492602',934,,795,25,,,0
4019,'1492603',1004,,796,25,,,0
4019,'1492604',1034,,797,25,,,0
4019,'1492605',1104,,798,25,,,0
4019,'1492606',1134,,799,25,,,0
4019,'1492607',1204,,800,25,,,0
4019,'1492608',1234,,801,25,,,0
4019,'1492609',1304,,802,25,,,0
4019,'1492610',1334,,803,25,,,0
4019,'1492611',1404,,804,25,,,0
4019,'1492612',1434,,805,25,,,0
4019,'1492613',1504,,806,25,,,0
4019,'1492614',1534,,807,25,,,0
4019,'1492615',1604,,808,25,,,0
4019,'1492616',1634,,809,25,,,0
4019,'1492617',1704,,810,25,,,0
4019,'1492618',1734,,811,25,,,0
4019,'1492619',1804,,812,25,,,0
4019,'1492620',1834,,813,25,,,0
4019,'1492621',1904,,814,25,,,0
4019,'1492622',1934,,815,25,,,0
4019,'1492623',2004,,816,25,,,0
