809,'1489412',627,,281,12,,,0
809,'1489413',657,,282,12,,,0
809,'1489414',727,,283,12,,,0
809,'1489415',757,,284,12,,,0
809,'1489416',827,,285,12,,,0
809,'1489417',857,,286,12,,,0
809,'1489418',927,,287,12,,,0
809,'1489419',957,,288,12,,,0
809,'1489420',1027,,289,12,,,0
809,'1489421',1057,,290,12,,,0
809,'1489422',1127,,291,12,,,0
809,'1489423',1157,,292,12,,,0
809,'1489424',1227,,293,12,,,0
809,'1489425',1257,,294,12,,,0
809,'1489426',1327,,295,12,,,0
809,'1489427',1357,,296,12,,,0
809,'1489428',1427,,297,12,,,0
809,'1489429',1457,,298,12,,,0
809,'1489430',1527,,299,12,,,0
809,'1489431',1557,,300,12,,,0
809,'1489432',1627,,301,12,,,0
809,'1489433',1657,,302,12,,,0
809,'1489434',1727,,303,12,,,0
809,'1489435',1757,,304,12,,,0
809,'1489436',1827,,305,12,,,0
809,'1489437',1857,,306,12,,,0
809,'1489438',1927,,307,12,,,0
809,'1489439',1957,,308,12,,,0
809,'1489440',2027,,309,12,,,0
809,'1489441',2057,,310,12,,,0
809,'1489442',2127,,311,12,,,0
809,'1489443',2157,,312,12,,,0
809,'1489444',2227,,313,12,,,0
809,'1489445',857,,314,12,,,0
809,'1489446',927,,315,12,,,0
809,'1489447',957,,316,12,,,0
809,'1489448',1027,,317,12,,,0
809,'1489449',1057,,318,12,,,0
809,'1489450',1127,,319,12,,,0
809,'1489451',1157,,320,12,,,0
809,'1489452',1227,,321,12,,,0
809,'1489453',1257,,322,12,,,0
809,'1489454',1327,,323,12,,,0
809,'1489455',1357,,324,12,,,0
809,'1489456',1427,,325,12,,,0
809,'1489457',1457,,326,12,,,0
809,'1489458',1527,,327,12,,,0
809,'1489459',1557,,328,12,,,0
809,'1489460',1627,,329,12,,,0
809,'1489461',1657,,330,12,,,0
809,'1489462',1727,,331,12,,,0
809,'1489463',1757,,332,12,,,0
809,'1489464',1827,,333,12,,,0
809,'1489465',1857,,334,12,,,0
809,'1489466',1927,,335,12,,,0
809,'1489467',1957,,336,12,,,0
