209,'1457470',1626,,57,25,,,0
209,'1457478',1826,,58,25,,,0
209,'1457483',1526,,59,25,,,0
209,'1457489',2226,,60,25,,,0
209,'1457510',1226,,61,25,,,0
209,'1457518',926,,62,25,,,0
209,'1457527',1656,,63,25,,,0
209,'1457529',756,,64,25,,,0
209,'1457565',626,,65,25,,,0
209,'1457573',2126,,66,25,,,0
209,'1457608',2026,,67,25,,,0
209,'1457622',1756,,68,25,,,0
209,'1457643',2156,,69,25,,,0
209,'1457651',1856,,70,25,,,0
209,'1457697',1456,,71,25,,,0
209,'1457706',1026,,72,25,,,0
209,'1457736',1326,,73,25,,,0
209,'1457789',956,,74,25,,,0
209,'1457792',856,,75,25,,,0
209,'1457805',1556,,76,25,,,0
209,'1457813',1056,,77,25,,,0
209,'1457840',1356,,78,25,,,0
209,'1457842',2056,,79,25,,,0
209,'1457892',826,,80,25,,,0
209,'1457903',1256,,81,25,,,0
209,'1457922',1126,,82,25,,,0
209,'1457963',1726,,83,25,,,0
209,'1457979',1956,,84,25,,,0
209,'1458006',1426,,85,25,,,0
209,'1458025',656,,86,25,,,0
209,'1458029',1926,,87,25,,,0
209,'1458032',1156,,88,25,,,0
209,'1458046',726,,89,25,,,0
209,'1469168',856,,90,25,,,0
209,'1469169',926,,91,25,,,0
209,'1469170',956,,92,25,,,0
209,'1469171',1026,,93,25,,,0
209,'1469172',1056,,94,25,,,0
209,'1469173',1126,,95,25,,,0
209,'1469174',1156,,96,25,,,0
209,'1469175',1226,,97,25,,,0
209,'1469176',1256,,98,25,,,0
209,'1469177',1326,,99,25,,,0
209,'1469178',1356,,100,25,,,0
209,'1469179',1426,,101,25,,,0
209,'1469180',1456,,102,25,,,0
209,'1469181',1526,,103,25,,,0
209,'1469182',1556,,104,25,,,0
209,'1469183',1626,,105,25,,,0
209,'1469184',1656,,106,25,,,0
209,'1469185',1726,,107,25,,,0
209,'1469186',1756,,108,25,,,0
209,'1469187',1826,,109,25,,,0
209,'1469188',1856,,110,25,,,0
209,'1469189',1926,,111,25,,,0
209,'1469190',1956,,112,25,,,0
