8019,'1489412',635,,281,19,,,0
8019,'1489413',705,,282,19,,,0
8019,'1489414',735,,283,19,,,0
8019,'1489415',805,,284,19,,,0
8019,'1489416',835,,285,19,,,0
8019,'1489417',905,,286,19,,,0
8019,'1489418',935,,287,19,,,0
8019,'1489419',1005,,288,19,,,0
8019,'1489420',1035,,289,19,,,0
8019,'1489421',1105,,290,19,,,0
8019,'1489422',1135,,291,19,,,0
8019,'1489423',1205,,292,19,,,0
8019,'1489424',1235,,293,19,,,0
8019,'1489425',1305,,294,19,,,0
8019,'1489426',1335,,295,19,,,0
8019,'1489427',1405,,296,19,,,0
8019,'1489428',1435,,297,19,,,0
8019,'1489429',1505,,298,19,,,0
8019,'1489430',1535,,299,19,,,0
8019,'1489431',1605,,300,19,,,0
8019,'1489432',1635,,301,19,,,0
8019,'1489433',1705,,302,19,,,0
8019,'1489434',1735,,303,19,,,0
8019,'1489435',1805,,304,19,,,0
8019,'1489436',1835,,305,19,,,0
8019,'1489437',1905,,306,19,,,0
8019,'1489438',1935,,307,19,,,0
8019,'1489439',2005,,308,19,,,0
8019,'1489440',2035,,309,19,,,0
8019,'1489441',2105,,310,19,,,0
8019,'1489442',2135,,311,19,,,0
8019,'1489443',2205,,312,19,,,0
8019,'1489444',2235,,313,19,,,0
8019,'1489445',905,,314,19,,,0
8019,'1489446',935,,315,19,,,0
8019,'1489447',1005,,316,19,,,0
8019,'1489448',1035,,317,19,,,0
8019,'1489449',1105,,318,19,,,0
8019,'1489450',1135,,319,19,,,0
8019,'1489451',1205,,320,19,,,0
8019,'1489452',1235,,321,19,,,0
8019,'1489453',1305,,322,19,,,0
8019,'1489454',1335,,323,19,,,0
8019,'1489455',1405,,324,19,,,0
8019,'1489456',1435,,325,19,,,0
8019,'1489457',1505,,326,19,,,0
8019,'1489458',1535,,327,19,,,0
8019,'1489459',1605,,328,19,,,0
8019,'1489460',1635,,329,19,,,0
8019,'1489461',1705,,330,19,,,0
8019,'1489462',1735,,331,19,,,0
8019,'1489463',1805,,332,19,,,0
8019,'1489464',1835,,333,19,,,0
8019,'1489465',1905,,334,19,,,0
8019,'1489466',1935,,335,19,,,0
8019,'1489467',2005,,336,19,,,0
