309,'1470829',2000,,113,19,0,5 6,0
309,'1479876',657,,114,19,0,5 6,0
309,'1479877',757,,115,19,0,5 6,0
309,'1479878',857,,116,19,0,5 6,0
309,'1479879',957,,117,19,0,5 6,0
309,'1479880',1057,,118,19,0,5 6,0
309,'1479881',1157,,119,19,0,5 6,0
309,'1479882',1257,,120,19,0,5 6,0
309,'1479883',1357,,121,19,0,5 6,0
309,'1479884',1457,,122,19,0,5 6,0
309,'1479885',1557,,123,19,0,5 6,0
309,'1479886',1657,,124,19,0,5 6,0
309,'1479887',1757,,125,19,0,5 6,0
309,'1479888',1857,,126,19,0,5 6,0
309,'1479889',1957,,127,19,0,5 6,0
309,'1479890',2057,,128,19,0,5 6,0
309,'1479891',2157,,129,19,0,5 6,0
309,'1479892',857,,130,19,0,5 6,0
309,'1479893',957,,131,19,0,5 6,0
309,'1479894',1057,,132,19,0,5 6,0
309,'1479895',1157,,133,19,0,5 6,0
309,'1479896',1257,,134,19,0,5 6,0
309,'1479897',1357,,135,19,0,5 6,0
309,'1479898',1457,,136,19,0,5 6,0
309,'1479899',1557,,137,19,0,5 6,0
309,'1479900',1657,,138,19,0,5 6,0
309,'1479901',1757,,139,19,0,5 6,0
309,'1479902',1857,,140,19,0,5 6,0
309,'1489542',627,,141,19,0,5 7,0
309,'1489543',727,,142,19,0,5 7,0
309,'1489544',827,,143,19,0,5 7,0
309,'1489545',927,,144,19,0,5 7,0
309,'1489546',1027,,145,19,0,5 7,0
309,'1489547',1127,,146,19,0,5 7,0
309,'1489548',1227,,147,19,0,5 7,0
309,'1489549',1327,,148,19,0,5 7,0
309,'1489550',1427,,149,19,0,5 7,0
309,'1489551',1527,,150,19,0,5 7,0
309,'1489552',1627,,151,19,0,5 7,0
309,'1489553',1727,,152,19,0,5 7,0
309,'1489554',1827,,153,19,0,5 7,0
309,'1489555',1927,,154,19,0,5 7,0
309,'1489556',2027,,155,19,0,5 7,0
309,'1489557',2127,,156,19,0,5 7,0
309,'1489558',2227,,157,19,0,5 7,0
309,'1489559',927,,158,19,0,5 7,0
309,'1489560',1027,,159,19,0,5 7,0
309,'1489561',1127,,160,19,0,5 7,0
309,'1489562',1227,,161,19,0,5 7,0
309,'1489563',1327,,162,19,0,5 7,0
309,'1489564',1427,,163,19,0,5 7,0
309,'1489565',1527,,164,19,0,5 7,0
309,'1489566',1627,,165,19,0,5 7,0
309,'1489567',1727,,166,19,0,5 7,0
309,'1489568',1827,,167,19,0,5 7,0
309,'1489569',1927,,168,19,0,5 7,0
