709,'1473149',911,,225,26,,,0
709,'1473150',941,,226,26,,,0
709,'1473151',1011,,227,26,,,0
709,'1473152',1041,,228,26,,,0
709,'1473153',1111,,229,26,,,0
709,'1473154',1141,,230,26,,,0
709,'1473155',1211,,231,26,,,0
709,'1473156',1241,,232,26,,,0
709,'1473157',1311,,233,26,,,0
709,'1473158',1341,,234,26,,,0
709,'1473159',1411,,235,26,,,0
709,'1473160',1441,,236,26,,,0
709,'1473161',1511,,237,26,,,0
709,'1473162',1541,,238,26,,,0
709,'1473163',1611,,239,26,,,0
709,'1473164',1641,,240,26,,,0
709,'1473165',1711,,241,26,,,0
709,'1473166',1741,,242,26,,,0
709,'1473167',1811,,243,26,,,0
709,'1473168',1841,,244,26,,,0
709,'1473169',1911,,245,26,,,0
709,'1473170',1941,,246,26,,,0
709,'1473171',2011,,247,26,,,0
709,'1489570',641,,248,26,,,0
709,'1489571',711,,249,26,,,0
709,'1489572',741,,250,26,,,0
709,'1489573',811,,251,26,,,0
709,'1489574',841,,252,26,,,0
709,'1489575',911,,253,26,,,0
709,'1489576',941,,254,26,,,0
709,'1489577',1011,,255,26,,,0
709,'1489578',1041,,256,26,,,0
709,'1489579',1111,,257,26,,,0
709,'1489580',1141,,258,26,,,0
709,'1489581',1211,,259,26,,,0
709,'1489582',1241,,260,26,,,0
709,'1489583',1311,,261,26,,,0
709,'1489584',1341,,262,26,,,0
709,'1489585',1411,,263,26,,,0
709,'1489586',1441,,264,26,,,0
709,'1489587',1511,,265,26,,,0
709,'1489588',1541,,266,26,,,0
709,'1489589',1611,,267,26,,,0
709,'1489590',1641,,268,26,,,0
709,'1489591',1711,,269,26,,,0
709,'1489592',1741,,270,26,,,0
709,'1489593',1811,,271,26,,,0
709,'1489594',1841,,272,26,,,0
709,'1489595',1911,,273,26,,,0
709,'1489596',1941,,274,26,,,0
709,'1489597',2011,,275,26,,,0
709,'1489598',2041,,276,26,,,0
709,'1489599',2111,,277,26,,,0
709,'1489600',2141,,278,26,,,0
709,'1489601',2211,,279,26,,,0
709,'1489602',2241,,280,26,,,0
