1019,'1456814',1420,,1,6,,,0
1019,'1456819',1550,,2,6,,,0
1019,'1456824',1820,,3,6,,,0
1019,'1456829',850,,4,6,,,0
1019,'1456834',920,,5,6,,,0
1019,'1456836',1820,,6,6,,,0
1019,'1456837',650,,7,6,,,0
1019,'1456840',1750,,8,6,,,0
1019,'1456877',920,,9,6,,,0
1019,'1456880',620,,10,6,,,0
1019,'1456889',1620,,11,6,,,0
1019,'1456915',1020,,12,6,,,0
1019,'1456918',1850,,13,6,,,0
1019,'1456919',1620,,14,6,,,0
1019,'1456920',2120,,15,6,,,0
1019,'1456950',820,,16,6,,,0
1019,'1456960',1150,,17,6,,,0
1019,'1456962',1250,,18,6,,,0
1019,'1456984',1050,,19,6,,,0
1019,'1456985',2020,,20,6,,,0
1019,'1457004',750,,21,6,,,0
1019,'1457017',1220,,22,6,,,0
1019,'1457020',1750,,23,6,,,0
1019,'1457022',1320,,24,6,,,0
1019,'1457029',2150,,25,6,,,0
1019,'1457030',2050,,26,6,,,0
1019,'1457036',1920,,27,6,,,0
1019,'1457038',1450,,28,6,,,0
1019,'1457041',1550,,29,6,,,0
1019,'1457072',850,,30,6,,,0
1019,'1457093',1520,,31,6,,,0
1019,'1457107',720,,32,6,,,0
1019,'1457111',1020,,33,6,,,0
1019,'1457122',950,,34,6,,,0
1019,'1457126',1950,,35,6,,,0
1019,'1457134',1850,,36,6,,,0
1019,'1457138',1650,,37,6,,,0
1019,'1457157',1120,,38,6,,,0
1019,'1457178',1350,,39,6,,,0
1019,'1457184',1420,,40,6,,,0
1019,'1457201',1250,,41,6,,,0
1019,'1457203',1150,,42,6,,,0
1019,'1457208',1950,,43,6,,,0
1019,'1457212',1350,,44,6,,,0
1019,'1457238',1650,,45,6,,,0
1019,'1457256',1120,,46,6,,,0
1019,'1457268',1720,,47,6,,,0
1019,'1457283',1720,,48,6,,,0
1019,'1457290',2220,,49,6,,,0
1019,'1457302',1520,,50,6,,,0
1019,'1457309',1920,,51,6,,,0
1019,'1457336',1050,,52,6,,,0
1019,'1457337',950,,53,6,,,0
1019,'1457368',1220,,54,6,,,0
1019,'1457373',1320,,55,6,,,0
1019,'1457382',1450,,56,6,,,0
3019,'1442631',1117,,706,6,,,0
3019,'1442675',1417,,707,6,,,0
3019,'1442733',1117,,708,6,,,0
3019,'1442752',2017,,709,6,,,0
3019,'1443103',1817,,710,6,,,0
3019,'1443204',1017,,711,6,,,0
3019,'1443220',1517,,712,6,,,0
3019,'1443234',2217,,713,6,,,0
3019,'1443313',1917,,714,6,,,0
3019,'1443385',1217,,715,6,,,0
3019,'1443475',1717,,716,6,,,0
3019,'1443501',1617,,717,6,,,0
3019,'1443646',617,,718,6,,,0
3019,'1443682',1317,,719,6,,,0
3019,'1443691',1717,,720,6,,,0
3019,'1443873',1917,,721,6,,,0
3019,'1443914',1317,,722,6,,,0
3019,'1443932',1017,,723,6,,,0
3019,'1444023',1417,,724,6,,,0
3019,'1444126',1817,,725,6,,,0
3019,'1444142',917,,726,6,,,0
3019,'1444180',917,,727,6,,,0
3019,'1444241',1617,,728,6,,,0
3019,'1444339',2117,,729,6,,,0
3019,'1444435',1517,,730,6,,,0
3019,'1444530',817,,731,6,,,0
3019,'1444556',1217,,732,6,,,0
3019,'1444662',717,,733,6,,,0
3029,'1402545',1547,,734,6,,,0
3029,'1402556',1347,,735,6,,,0
3029,'1402591',847,,736,6,,,0
3029,'1402611',1947,,737,6,,,0
3029,'1402624',1447,,738,6,,,0
3029,'1402656',1247,,739,6,,,0
3029,'1402688',1747,,740,6,,,0
3029,'1402691',1647,,741,6,,,0
3029,'1402699',947,,742,6,,,0
3029,'1402712',1447,,743,6,,,0
3029,'1402767',1547,,744,6,,,0
3029,'1402779',1247,,745,6,,,0
3029,'1402786',747,,746,6,,,0
3029,'1402795',1747,,747,6,,,0
3029,'1402803',1047,,748,6,,,0
3029,'1402809',647,,749,6,,,0
3029,'1402841',947,,750,6,,,0
3029,'1402852',2147,,751,6,,,0
3029,'1402874',1847,,752,6,,,0
3029,'1402905',1047,,753,6,,,0
3029,'1402920',847,,754,6,,,0
3029,'1402929',1147,,755,6,,,0
3029,'1402937',1647,,756,6,,,0
3029,'1402949',1147,,757,6,,,0
3029,'1403010',2047,,758,6,,,0
3029,'1403018',1847,,759,6,,,0
3029,'1403044',1347,,760,6,,,0
3029,'1450947',1947,,594,6,,,0
