209,'1457470',1640,,482,41,,,0
209,'1457478',1840,,483,41,,,0
209,'1457483',1540,,484,41,,,0
209,'1457489',2240,,485,41,,,0
209,'1457510',1240,,486,41,,,0
209,'1457518',940,,487,41,,,0
209,'1457527',1710,,488,41,,,0
209,'1457529',810,,489,41,,,0
209,'1457565',640,,490,41,,,0
209,'1457573',2140,,491,41,,,0
209,'1457608',2040,,492,41,,,0
209,'1457622',1810,,493,41,,,0
209,'1457643',2210,,494,41,,,0
209,'1457651',1910,,495,41,,,0
209,'1457697',1510,,496,41,,,0
209,'1457706',1040,,497,41,,,0
209,'1457736',1340,,498,41,,,0
209,'1457789',1010,,499,41,,,0
209,'1457792',910,,500,41,,,0
209,'1457805',1610,,501,41,,,0
209,'1457813',1110,,502,41,,,0
209,'1457840',1410,,503,41,,,0
209,'1457842',2110,,504,41,,,0
209,'1457892',840,,505,41,,,0
209,'1457903',1310,,506,41,,,0
209,'1457922',1140,,507,41,,,0
209,'1457963',1740,,508,41,,,0
209,'1457979',2010,,509,41,,,0
209,'1458006',1440,,510,41,,,0
209,'1458025',710,,511,41,,,0
209,'1458029',1940,,512,41,,,0
209,'1458032',1210,,513,41,,,0
209,'1458046',740,,514,41,,,0
209,'1467968',1540,,395,41,,,0
209,'1467993',1710,,398,41,,,0
209,'1468003',1410,,400,41,,,0
209,'1468007',2210,,401,41,,,0
209,'1468017',940,,402,41,,,0
209,'1468034',1810,,405,41,,,0
209,'1468038',1010,,406,41,,,0
209,'1468054',910,,408,41,,,0
209,'1468079',840,,409,41,,,0
209,'1468088',2040,,410,41,,,0
209,'1468109',1240,,411,41,,,0
209,'1468127',810,,413,41,,,0
209,'1468129',1110,,414,41,,,0
209,'1468134',1910,,415,41,,,0
209,'1468156',1840,,416,41,,,0
209,'1468158',1740,,417,41,,,0
209,'1468197',1340,,419,41,,,0
209,'1468238',1140,,420,41,,,0
209,'1468288',1310,,425,41,,,0
209,'1468302',1210,,428,41,,,0
209,'1468306',1640,,429,41,,,0
209,'1468319',2110,,431,41,,,0
209,'1468342',1440,,433,41,,,0
209,'1468357',1040,,434,41,,,0
209,'1468388',640,,435,41,,,0
209,'1468403',2240,,438,41,,,0
209,'1468420',1510,,440,41,,,0
209,'1468421',710,,441,41,,,0
209,'1468443',1610,,442,41,,,0
209,'1468446',2140,,443,41,,,0
209,'1468448',740,,444,41,,,0
209,'1468457',1940,,446,41,,,0
209,'1468482',2010,,448,41,,,0
209,'1469168',910,,515,41,,,0
209,'1469169',940,,516,41,,,0
209,'1469170',1010,,517,41,,,0
209,'1469171',1040,,518,41,,,0
209,'1469172',1110,,519,41,,,0
209,'1469173',1140,,520,41,,,0
209,'1469174',1210,,521,41,,,0
209,'1469175',1240,,522,41,,,0
209,'1469176',1310,,523,41,,,0
209,'1469177',1340,,524,41,,,0
209,'1469178',1410,,525,41,,,0
209,'1469179',1440,,526,41,,,0
209,'1469180',1510,,527,41,,,0
209,'1469181',1540,,528,41,,,0
209,'1469182',1610,,529,41,,,0
209,'1469183',1640,,530,41,,,0
209,'1469184',1710,,531,41,,,0
209,'1469185',1740,,532,41,,,0
209,'1469186',1810,,533,41,,,0
209,'1469187',1840,,534,41,,,0
209,'1469188',1910,,535,41,,,0
209,'1469189',1940,,536,41,,,0
209,'1469190',2010,,537,41,,,0
