309,'1470829',2003,,113,29,0,5 6,0
309,'1479876',701,,114,29,0,5 6,0
309,'1479877',801,,115,29,0,5 6,0
309,'1479878',901,,116,29,0,5 6,0
309,'1479879',1001,,117,29,0,5 6,0
309,'1479880',1101,,118,29,0,5 6,0
309,'1479881',1201,,119,29,0,5 6,0
309,'1479882',1301,,120,29,0,5 6,0
309,'1479883',1401,,121,29,0,5 6,0
309,'1479884',1501,,122,29,0,5 6,0
309,'1479885',1601,,123,29,0,5 6,0
309,'1479886',1701,,124,29,0,5 6,0
309,'1479887',1801,,125,29,0,5 6,0
309,'1479888',1901,,126,29,0,5 6,0
309,'1479889',2001,,127,29,0,5 6,0
309,'1479890',2101,,128,29,0,5 6,0
309,'1479891',2201,,129,29,0,5 6,0
309,'1479892',901,,130,29,0,5 6,0
309,'1479893',1001,,131,29,0,5 6,0
309,'1479894',1101,,132,29,0,5 6,0
309,'1479895',1201,,133,29,0,5 6,0
309,'1479896',1301,,134,29,0,5 6,0
309,'1479897',1401,,135,29,0,5 6,0
309,'1479898',1501,,136,29,0,5 6,0
309,'1479899',1601,,137,29,0,5 6,0
309,'1479900',1701,,138,29,0,5 6,0
309,'1479901',1801,,139,29,0,5 6,0
309,'1479902',1901,,140,29,0,5 6,0
