1019,'1456814',1424,,1,10,,,0
1019,'1456819',1554,,2,10,,,0
1019,'1456824',1824,,3,10,,,0
1019,'1456829',854,,4,10,,,0
1019,'1456834',924,,5,10,,,0
1019,'1456836',1824,,6,10,,,0
1019,'1456837',654,,7,10,,,0
1019,'1456840',1754,,8,10,,,0
1019,'1456877',924,,9,10,,,0
1019,'1456880',624,,10,10,,,0
1019,'1456889',1624,,11,10,,,0
1019,'1456915',1024,,12,10,,,0
1019,'1456918',1854,,13,10,,,0
1019,'1456919',1624,,14,10,,,0
1019,'1456920',2124,,15,10,,,0
1019,'1456950',824,,16,10,,,0
1019,'1456960',1154,,17,10,,,0
1019,'1456962',1254,,18,10,,,0
1019,'1456984',1054,,19,10,,,0
1019,'1456985',2024,,20,10,,,0
1019,'1457004',754,,21,10,,,0
1019,'1457017',1224,,22,10,,,0
1019,'1457020',1754,,23,10,,,0
1019,'1457022',1324,,24,10,,,0
1019,'1457029',2154,,25,10,,,0
1019,'1457030',2054,,26,10,,,0
1019,'1457036',1924,,27,10,,,0
1019,'1457038',1454,,28,10,,,0
1019,'1457041',1554,,29,10,,,0
1019,'1457072',854,,30,10,,,0
1019,'1457093',1524,,31,10,,,0
1019,'1457107',724,,32,10,,,0
1019,'1457111',1024,,33,10,,,0
1019,'1457122',954,,34,10,,,0
1019,'1457126',1954,,35,10,,,0
1019,'1457134',1854,,36,10,,,0
1019,'1457138',1654,,37,10,,,0
1019,'1457157',1124,,38,10,,,0
1019,'1457178',1354,,39,10,,,0
1019,'1457184',1424,,40,10,,,0
1019,'1457201',1254,,41,10,,,0
1019,'1457203',1154,,42,10,,,0
1019,'1457208',1954,,43,10,,,0
1019,'1457212',1354,,44,10,,,0
1019,'1457238',1654,,45,10,,,0
1019,'1457256',1124,,46,10,,,0
1019,'1457268',1724,,47,10,,,0
1019,'1457283',1724,,48,10,,,0
1019,'1457290',2224,,49,10,,,0
1019,'1457302',1524,,50,10,,,0
1019,'1457309',1924,,51,10,,,0
1019,'1457336',1054,,52,10,,,0
1019,'1457337',954,,53,10,,,0
1019,'1457368',1224,,54,10,,,0
1019,'1457373',1324,,55,10,,,0
1019,'1457382',1454,,56,10,,,0
