309,'1450947',1957,,594,18,0,5 6,0
309,'1492333',626,,595,18,0,5 7,0
309,'1492334',726,,596,18,0,5 7,0
309,'1492335',826,,597,18,0,5 7,0
309,'1492336',926,,598,18,0,5 7,0
309,'1492337',1026,,599,18,0,5 7,0
309,'1492338',1126,,600,18,0,5 7,0
309,'1492339',1226,,601,18,0,5 7,0
309,'1492340',1326,,602,18,0,5 7,0
309,'1492341',1426,,603,18,0,5 7,0
309,'1492342',1526,,604,18,0,5 7,0
309,'1492343',1626,,605,18,0,5 7,0
309,'1492344',1726,,606,18,0,5 7,0
309,'1492345',1826,,607,18,0,5 7,0
309,'1492346',1926,,608,18,0,5 7,0
309,'1492347',2026,,609,18,0,5 7,0
309,'1492348',2126,,610,18,0,5 7,0
309,'1492349',2226,,611,18,0,5 7,0
309,'1492350',926,,612,18,0,5 7,0
309,'1492351',1026,,613,18,0,5 7,0
309,'1492352',1126,,614,18,0,5 7,0
309,'1492353',1226,,615,18,0,5 7,0
309,'1492354',1326,,616,18,0,5 7,0
309,'1492355',1426,,617,18,0,5 7,0
309,'1492356',1526,,618,18,0,5 7,0
309,'1492357',1626,,619,18,0,5 7,0
309,'1492358',1726,,620,18,0,5 7,0
309,'1492359',1826,,621,18,0,5 7,0
309,'1492360',1926,,622,18,0,5 7,0
309,'1492361',656,,623,18,0,5 6,0
309,'1492362',756,,624,18,0,5 6,0
309,'1492363',856,,625,18,0,5 6,0
309,'1492364',956,,626,18,0,5 6,0
309,'1492365',1056,,627,18,0,5 6,0
309,'1492366',1156,,628,18,0,5 6,0
309,'1492367',1256,,629,18,0,5 6,0
309,'1492368',1356,,630,18,0,5 6,0
309,'1492369',1456,,631,18,0,5 6,0
309,'1492370',1556,,632,18,0,5 6,0
309,'1492371',1656,,633,18,0,5 6,0
309,'1492372',1756,,634,18,0,5 6,0
309,'1492373',1856,,635,18,0,5 6,0
309,'1492374',1956,,636,18,0,5 6,0
309,'1492375',2056,,637,18,0,5 6,0
309,'1492376',2156,,638,18,0,5 6,0
309,'1492377',856,,639,18,0,5 6,0
309,'1492378',956,,640,18,0,5 6,0
309,'1492379',1056,,641,18,0,5 6,0
309,'1492380',1156,,642,18,0,5 6,0
309,'1492381',1256,,643,18,0,5 6,0
309,'1492382',1356,,644,18,0,5 6,0
309,'1492383',1456,,645,18,0,5 6,0
309,'1492384',1556,,646,18,0,5 6,0
309,'1492385',1656,,647,18,0,5 6,0
309,'1492386',1756,,648,18,0,5 6,0
309,'1492387',1856,,649,18,0,5 6,0
