309,'1470829',1947,,113,5,0,5 6,0
309,'1479876',647,,114,5,0,5 6,0
309,'1479877',747,,115,5,0,5 6,0
309,'1479878',847,,116,5,0,5 6,0
309,'1479879',947,,117,5,0,5 6,0
309,'1479880',1047,,118,5,0,5 6,0
309,'1479881',1147,,119,5,0,5 6,0
309,'1479882',1247,,120,5,0,5 6,0
309,'1479883',1347,,121,5,0,5 6,0
309,'1479884',1447,,122,5,0,5 6,0
309,'1479885',1547,,123,5,0,5 6,0
309,'1479886',1647,,124,5,0,5 6,0
309,'1479887',1747,,125,5,0,5 6,0
309,'1479888',1847,,126,5,0,5 6,0
309,'1479889',1947,,127,5,0,5 6,0
309,'1479890',2047,,128,5,0,5 6,0
309,'1479891',2147,,129,5,0,5 6,0
309,'1479892',847,,130,5,0,5 6,0
309,'1479893',947,,131,5,0,5 6,0
309,'1479894',1047,,132,5,0,5 6,0
309,'1479895',1147,,133,5,0,5 6,0
309,'1479896',1247,,134,5,0,5 6,0
309,'1479897',1347,,135,5,0,5 6,0
309,'1479898',1447,,136,5,0,5 6,0
309,'1479899',1547,,137,5,0,5 6,0
309,'1479900',1647,,138,5,0,5 6,0
309,'1479901',1747,,139,5,0,5 6,0
309,'1479902',1847,,140,5,0,5 6,0
309,'1489542',617,,141,5,0,5 7,0
309,'1489543',717,,142,5,0,5 7,0
309,'1489544',817,,143,5,0,5 7,0
309,'1489545',917,,144,5,0,5 7,0
309,'1489546',1017,,145,5,0,5 7,0
309,'1489547',1117,,146,5,0,5 7,0
309,'1489548',1217,,147,5,0,5 7,0
309,'1489549',1317,,148,5,0,5 7,0
309,'1489550',1417,,149,5,0,5 7,0
309,'1489551',1517,,150,5,0,5 7,0
309,'1489552',1617,,151,5,0,5 7,0
309,'1489553',1717,,152,5,0,5 7,0
309,'1489554',1817,,153,5,0,5 7,0
309,'1489555',1917,,154,5,0,5 7,0
309,'1489556',2017,,155,5,0,5 7,0
309,'1489557',2117,,156,5,0,5 7,0
309,'1489558',2217,,157,5,0,5 7,0
309,'1489559',917,,158,5,0,5 7,0
309,'1489560',1017,,159,5,0,5 7,0
309,'1489561',1117,,160,5,0,5 7,0
309,'1489562',1217,,161,5,0,5 7,0
309,'1489563',1317,,162,5,0,5 7,0
309,'1489564',1417,,163,5,0,5 7,0
309,'1489565',1517,,164,5,0,5 7,0
309,'1489566',1617,,165,5,0,5 7,0
309,'1489567',1717,,166,5,0,5 7,0
309,'1489568',1817,,167,5,0,5 7,0
309,'1489569',1917,,168,5,0,5 7,0
