3019,'1442631',1139,,706,38,,,0
3019,'1442675',1439,,707,38,,,0
3019,'1442733',1139,,708,38,,,0
3019,'1442752',2039,,709,38,,,0
3019,'1443103',1839,,710,38,,,0
3019,'1443204',1039,,711,38,,,0
3019,'1443220',1539,,712,38,,,0
3019,'1443234',2239,,713,38,,,0
3019,'1443313',1939,,714,38,,,0
3019,'1443385',1239,,715,38,,,0
3019,'1443475',1739,,716,38,,,0
3019,'1443501',1639,,717,38,,,0
3019,'1443646',639,,718,38,,,0
3019,'1443682',1339,,719,38,,,0
3019,'1443691',1739,,720,38,,,0
3019,'1443873',1939,,721,38,,,0
3019,'1443914',1339,,722,38,,,0
3019,'1443932',1039,,723,38,,,0
3019,'1444023',1439,,724,38,,,0
3019,'1444126',1839,,725,38,,,0
3019,'1444142',939,,726,38,,,0
3019,'1444180',939,,727,38,,,0
3019,'1444241',1639,,728,38,,,0
3019,'1444339',2139,,729,38,,,0
3019,'1444435',1539,,730,38,,,0
3019,'1444530',839,,731,38,,,0
3019,'1444556',1239,,732,38,,,0
3019,'1444662',739,,733,38,,,0
3029,'1402545',1609,,734,37,,,0
3029,'1402556',1409,,735,37,,,0
3029,'1402591',909,,736,37,,,0
3029,'1402611',2009,,737,37,,,0
3029,'1402624',1509,,738,37,,,0
3029,'1402656',1309,,739,37,,,0
3029,'1402688',1809,,740,37,,,0
3029,'1402691',1709,,741,37,,,0
3029,'1402699',1009,,742,37,,,0
3029,'1402712',1509,,743,37,,,0
3029,'1402767',1609,,744,37,,,0
3029,'1402779',1309,,745,37,,,0
3029,'1402786',809,,746,37,,,0
3029,'1402795',1809,,747,37,,,0
3029,'1402803',1109,,748,37,,,0
3029,'1402809',709,,749,37,,,0
3029,'1402841',1009,,750,37,,,0
3029,'1402852',2209,,751,37,,,0
3029,'1402874',1909,,752,37,,,0
3029,'1402905',1109,,753,37,,,0
3029,'1402920',909,,754,37,,,0
3029,'1402929',1209,,755,37,,,0
3029,'1402937',1709,,756,37,,,0
3029,'1402949',1209,,757,37,,,0
3029,'1403010',2109,,758,37,,,0
3029,'1403018',1909,,759,37,,,0
3029,'1403044',1409,,760,37,,,0
3029,'1450947',2008,,594,37,,,0
