3019,'1442631',1134,,706,32,,,0
3019,'1442675',1434,,707,32,,,0
3019,'1442733',1134,,708,32,,,0
3019,'1442752',2034,,709,32,,,0
3019,'1443103',1834,,710,32,,,0
3019,'1443204',1034,,711,32,,,0
3019,'1443220',1534,,712,32,,,0
3019,'1443234',2234,,713,32,,,0
3019,'1443313',1934,,714,32,,,0
3019,'1443385',1234,,715,32,,,0
3019,'1443475',1734,,716,32,,,0
3019,'1443501',1634,,717,32,,,0
3019,'1443646',634,,718,32,,,0
3019,'1443682',1334,,719,32,,,0
3019,'1443691',1734,,720,32,,,0
3019,'1443873',1934,,721,32,,,0
3019,'1443914',1334,,722,32,,,0
3019,'1443932',1034,,723,32,,,0
3019,'1444023',1434,,724,32,,,0
3019,'1444126',1834,,725,32,,,0
3019,'1444142',934,,726,32,,,0
3019,'1444180',934,,727,32,,,0
3019,'1444241',1634,,728,32,,,0
3019,'1444339',2134,,729,32,,,0
3019,'1444435',1534,,730,32,,,0
3019,'1444530',834,,731,32,,,0
3019,'1444556',1234,,732,32,,,0
3019,'1444662',734,,733,32,,,0
3029,'1402545',1601,,734,28,,,0
3029,'1402556',1401,,735,28,,,0
3029,'1402591',901,,736,28,,,0
3029,'1402611',2001,,737,28,,,0
3029,'1402624',1501,,738,28,,,0
3029,'1402656',1301,,739,28,,,0
3029,'1402688',1801,,740,28,,,0
3029,'1402691',1701,,741,28,,,0
3029,'1402699',1001,,742,28,,,0
3029,'1402712',1501,,743,28,,,0
3029,'1402767',1601,,744,28,,,0
3029,'1402779',1301,,745,28,,,0
3029,'1402786',801,,746,28,,,0
3029,'1402795',1801,,747,28,,,0
3029,'1402803',1101,,748,28,,,0
3029,'1402809',701,,749,28,,,0
3029,'1402841',1001,,750,28,,,0
3029,'1402852',2201,,751,28,,,0
3029,'1402874',1901,,752,28,,,0
3029,'1402905',1101,,753,28,,,0
3029,'1402920',901,,754,28,,,0
3029,'1402929',1201,,755,28,,,0
3029,'1402937',1701,,756,28,,,0
3029,'1402949',1201,,757,28,,,0
3029,'1403010',2101,,758,28,,,0
3029,'1403018',1901,,759,28,,,0
3029,'1403044',1401,,760,28,,,0
3029,'1450947',2003,,594,28,,,0
