209,'1467963',1953,,393,16,,,0
209,'1467965',1253,,394,16,,,0
209,'1467968',1523,,395,16,,,0
209,'1467975',1023,,396,16,,,0
209,'1467991',1223,,397,16,,,0
209,'1467993',1653,,398,16,,,0
209,'1467994',853,,399,16,,,0
209,'1468003',1353,,400,16,,,0
209,'1468007',2153,,401,16,,,0
209,'1468017',923,,402,16,,,0
209,'1468027',1523,,403,16,,,0
209,'1468031',1453,,404,16,,,0
209,'1468034',1753,,405,16,,,0
209,'1468038',953,,406,16,,,0
209,'1468046',953,,407,16,,,0
209,'1468054',853,,408,16,,,0
209,'1468079',823,,409,16,,,0
209,'1468088',2023,,410,16,,,0
209,'1468109',1223,,411,16,,,0
209,'1468126',1653,,412,16,,,0
209,'1468127',753,,413,16,,,0
209,'1468129',1053,,414,16,,,0
209,'1468134',1853,,415,16,,,0
209,'1468156',1823,,416,16,,,0
209,'1468158',1723,,417,16,,,0
209,'1468169',1323,,418,16,,,0
209,'1468197',1323,,419,16,,,0
209,'1468238',1123,,420,16,,,0
209,'1468240',923,,421,16,,,0
209,'1468243',1823,,422,16,,,0
209,'1468250',1353,,423,16,,,0
209,'1468284',1123,,424,16,,,0
209,'1468288',1253,,425,16,,,0
209,'1468289',1423,,426,16,,,0
209,'1468293',1053,,427,16,,,0
209,'1468302',1153,,428,16,,,0
209,'1468306',1623,,429,16,,,0
209,'1468315',1753,,430,16,,,0
209,'1468319',2053,,431,16,,,0
209,'1468325',1923,,432,16,,,0
209,'1468342',1423,,433,16,,,0
209,'1468357',1023,,434,16,,,0
209,'1468388',623,,435,16,,,0
209,'1468398',1623,,436,16,,,0
209,'1468402',1853,,437,16,,,0
209,'1468403',2223,,438,16,,,0
209,'1468408',1723,,439,16,,,0
209,'1468420',1453,,440,16,,,0
209,'1468421',653,,441,16,,,0
209,'1468443',1553,,442,16,,,0
209,'1468446',2123,,443,16,,,0
209,'1468448',723,,444,16,,,0
209,'1468453',1153,,445,16,,,0
209,'1468457',1923,,446,16,,,0
209,'1468479',1553,,447,16,,,0
209,'1468482',1953,,448,16,,,0
