2019,'1467963',1945,,650,1,,,0,70,,650,43,4,,0
2019,'1467965',1245,,651,1,,,0,70,,651,43,4,,0
2019,'1467968',1515,,652,1,,,0,30,,652,43,4,,0
2019,'1467975',1015,,653,1,,,0,30,,653,43,4,,0
2019,'1467991',1215,,654,1,,,0,30,,654,43,4,,0
2019,'1467993',1645,,655,1,,,0,70,,655,43,4,,0
2019,'1467994',845,,656,1,,,0,70,,656,43,4,,0
2019,'1468003',1345,,657,1,,,0,70,,657,43,4,,0
2019,'1468007',2145,,658,1,,,0,70,,658,43,4,,0
2019,'1468017',915,,659,1,,,0,30,,659,43,4,,0
2019,'1468027',1515,,660,1,,,0,30,,660,43,4,,0
2019,'1468031',1445,,661,1,,,0,70,,661,43,4,,0
2019,'1468034',1745,,662,1,,,0,70,,662,43,4,,0
2019,'1468038',945,,663,1,,,0,70,,663,43,4,,0
2019,'1468046',945,,664,1,,,0,70,,664,43,4,,0
2019,'1468054',845,,665,1,,,0,70,,665,43,4,,0
2019,'1468079',815,,666,1,,,0,30,,666,43,4,,0
2019,'1468088',2015,,667,1,,,0,30,,667,43,4,,0
2019,'1468109',1215,,668,1,,,0,30,,668,43,4,,0
2019,'1468126',1645,,669,1,,,0,70,,669,43,4,,0
2019,'1468127',745,,670,1,,,0,70,,670,43,4,,0
2019,'1468129',1045,,671,1,,,0,70,,671,43,4,,0
2019,'1468134',1845,,672,1,,,0,70,,672,43,4,,0
2019,'1468156',1815,,673,1,,,0,30,,673,43,4,,0
2019,'1468158',1715,,674,1,,,0,30,,674,43,4,,0
2019,'1468169',1315,,675,1,,,0,30,,675,43,4,,0
2019,'1468197',1315,,676,1,,,0,30,,676,43,4,,0
2019,'1468238',1115,,677,1,,,0,30,,677,43,4,,0
2019,'1468240',915,,678,1,,,0,30,,678,43,4,,0
2019,'1468243',1815,,679,1,,,0,30,,679,43,4,,0
2019,'1468250',1345,,680,1,,,0,70,,680,43,4,,0
2019,'1468284',1115,,681,1,,,0,30,,681,43,4,,0
2019,'1468288',1245,,682,1,,,0,70,,682,43,4,,0
2019,'1468289',1415,,683,1,,,0,30,,683,43,4,,0
2019,'1468293',1045,,684,1,,,0,70,,684,43,4,,0
2019,'1468302',1145,,685,1,,,0,70,,685,43,4,,0
2019,'1468306',1615,,686,1,,,0,30,,686,43,4,,0
2019,'1468315',1745,,687,1,,,0,70,,687,43,4,,0
2019,'1468319',2045,,688,1,,,0,70,,688,43,4,,0
2019,'1468325',1915,,689,1,,,0,30,,689,43,4,,0
2019,'1468342',1415,,690,1,,,0,30,,690,43,4,,0
2019,'1468357',1015,,691,1,,,0,30,,691,43,4,,0
2019,'1468388',615,,692,1,,,0,30,,692,43,4,,0
2019,'1468398',1615,,693,1,,,0,30,,693,43,4,,0
2019,'1468402',1845,,694,1,,,0,70,,694,43,4,,0
2019,'1468403',2215,,695,1,,,0,30,,695,43,4,,0
2019,'1468408',1715,,696,1,,,0,30,,696,43,4,,0
2019,'1468420',1445,,697,1,,,0,70,,697,43,4,,0
2019,'1468421',645,,698,1,,,0,70,,698,43,4,,0
2019,'1468443',1545,,699,1,,,0,70,,699,43,4,,0
2019,'1468446',2115,,700,1,,,0,30,,700,43,4,,0
2019,'1468448',715,,701,1,,,0,30,,701,43,4,,0
2019,'1468453',1145,,702,1,,,0,70,,702,43,4,,0
2019,'1468457',1915,,703,1,,,0,30,,703,43,4,,0
2019,'1468479',1545,,704,1,,,0,70,,704,43,4,,0
2019,'1468482',1945,,705,1,,,0,70,,705,43,4,,0
