4019,'1492568',632,,761,23,,,0
4019,'1492569',702,,762,23,,,0
4019,'1492570',732,,763,23,,,0
4019,'1492571',802,,764,23,,,0
4019,'1492572',832,,765,23,,,0
4019,'1492573',902,,766,23,,,0
4019,'1492574',932,,767,23,,,0
4019,'1492575',1002,,768,23,,,0
4019,'1492576',1032,,769,23,,,0
4019,'1492577',1102,,770,23,,,0
4019,'1492578',1132,,771,23,,,0
4019,'1492579',1202,,772,23,,,0
4019,'1492580',1232,,773,23,,,0
4019,'1492581',1302,,774,23,,,0
4019,'1492582',1332,,775,23,,,0
4019,'1492583',1402,,776,23,,,0
4019,'1492584',1432,,777,23,,,0
4019,'1492585',1502,,778,23,,,0
4019,'1492586',1532,,779,23,,,0
4019,'1492587',1602,,780,23,,,0
4019,'1492588',1632,,781,23,,,0
4019,'1492589',1702,,782,23,,,0
4019,'1492590',1732,,783,23,,,0
4019,'1492591',1802,,784,23,,,0
4019,'1492592',1832,,785,23,,,0
4019,'1492593',1902,,786,23,,,0
4019,'1492594',1932,,787,23,,,0
4019,'1492595',2002,,788,23,,,0
4019,'1492596',2032,,789,23,,,0
4019,'1492597',2102,,790,23,,,0
4019,'1492598',2132,,791,23,,,0
4019,'1492599',2202,,792,23,,,0
4019,'1492600',2232,,793,23,,,0
4019,'1492601',902,,794,23,,,0
4019,'1492602',932,,795,23,,,0
4019,'1492603',1002,,796,23,,,0
4019,'1492604',1032,,797,23,,,0
4019,'1492605',1102,,798,23,,,0
4019,'1492606',1132,,799,23,,,0
4019,'1492607',1202,,800,23,,,0
4019,'1492608',1232,,801,23,,,0
4019,'1492609',1302,,802,23,,,0
4019,'1492610',1332,,803,23,,,0
4019,'1492611',1402,,804,23,,,0
4019,'1492612',1432,,805,23,,,0
4019,'1492613',1502,,806,23,,,0
4019,'1492614',1532,,807,23,,,0
4019,'1492615',1602,,808,23,,,0
4019,'1492616',1632,,809,23,,,0
4019,'1492617',1702,,810,23,,,0
4019,'1492618',1732,,811,23,,,0
4019,'1492619',1802,,812,23,,,0
4019,'1492620',1832,,813,23,,,0
4019,'1492621',1902,,814,23,,,0
4019,'1492622',1932,,815,23,,,0
4019,'1492623',2002,,816,23,,,0
