309,'1470829',2007,,113,36,0,5 6,0
309,'1479876',708,,114,36,0,5 6,0
309,'1479877',808,,115,36,0,5 6,0
309,'1479878',908,,116,36,0,5 6,0
309,'1479879',1008,,117,36,0,5 6,0
309,'1479880',1108,,118,36,0,5 6,0
309,'1479881',1208,,119,36,0,5 6,0
309,'1479882',1308,,120,36,0,5 6,0
309,'1479883',1408,,121,36,0,5 6,0
309,'1479884',1508,,122,36,0,5 6,0
309,'1479885',1608,,123,36,0,5 6,0
309,'1479886',1708,,124,36,0,5 6,0
309,'1479887',1808,,125,36,0,5 6,0
309,'1479888',1908,,126,36,0,5 6,0
309,'1479889',2008,,127,36,0,5 6,0
309,'1479890',2108,,128,36,0,5 6,0
309,'1479891',2208,,129,36,0,5 6,0
309,'1479892',908,,130,36,0,5 6,0
309,'1479893',1008,,131,36,0,5 6,0
309,'1479894',1108,,132,36,0,5 6,0
309,'1479895',1208,,133,36,0,5 6,0
309,'1479896',1308,,134,36,0,5 6,0
309,'1479897',1408,,135,36,0,5 6,0
309,'1479898',1508,,136,36,0,5 6,0
309,'1479899',1608,,137,36,0,5 6,0
309,'1479900',1708,,138,36,0,5 6,0
309,'1479901',1808,,139,36,0,5 6,0
309,'1479902',1908,,140,36,0,5 6,0
309,'1489542',638,,141,37,0,5 7,0
309,'1489543',738,,142,37,0,5 7,0
309,'1489544',838,,143,37,0,5 7,0
309,'1489545',938,,144,37,0,5 7,0
309,'1489546',1038,,145,37,0,5 7,0
309,'1489547',1138,,146,37,0,5 7,0
309,'1489548',1238,,147,37,0,5 7,0
309,'1489549',1338,,148,37,0,5 7,0
309,'1489550',1438,,149,37,0,5 7,0
309,'1489551',1538,,150,37,0,5 7,0
309,'1489552',1638,,151,37,0,5 7,0
309,'1489553',1738,,152,37,0,5 7,0
309,'1489554',1838,,153,37,0,5 7,0
309,'1489555',1938,,154,37,0,5 7,0
309,'1489556',2038,,155,37,0,5 7,0
309,'1489557',2138,,156,37,0,5 7,0
309,'1489558',2238,,157,37,0,5 7,0
309,'1489559',938,,158,37,0,5 7,0
309,'1489560',1038,,159,37,0,5 7,0
309,'1489561',1138,,160,37,0,5 7,0
309,'1489562',1238,,161,37,0,5 7,0
309,'1489563',1338,,162,37,0,5 7,0
309,'1489564',1438,,163,37,0,5 7,0
309,'1489565',1538,,164,37,0,5 7,0
309,'1489566',1638,,165,37,0,5 7,0
309,'1489567',1738,,166,37,0,5 7,0
309,'1489568',1838,,167,37,0,5 7,0
309,'1489569',1938,,168,37,0,5 7,0
