209,'1457470',1622,,482,14,,,0
209,'1457478',1822,,483,14,,,0
209,'1457483',1522,,484,14,,,0
209,'1457489',2222,,485,14,,,0
209,'1457510',1222,,486,14,,,0
209,'1457518',922,,487,14,,,0
209,'1457527',1652,,488,14,,,0
209,'1457529',752,,489,14,,,0
209,'1457565',622,,490,14,,,0
209,'1457573',2122,,491,14,,,0
209,'1457608',2022,,492,14,,,0
209,'1457622',1752,,493,14,,,0
209,'1457643',2152,,494,14,,,0
209,'1457651',1852,,495,14,,,0
209,'1457697',1452,,496,14,,,0
209,'1457706',1022,,497,14,,,0
209,'1457736',1322,,498,14,,,0
209,'1457789',952,,499,14,,,0
209,'1457792',852,,500,14,,,0
209,'1457805',1552,,501,14,,,0
209,'1457813',1052,,502,14,,,0
209,'1457840',1352,,503,14,,,0
209,'1457842',2052,,504,14,,,0
209,'1457892',822,,505,14,,,0
209,'1457903',1252,,506,14,,,0
209,'1457922',1122,,507,14,,,0
209,'1457963',1722,,508,14,,,0
209,'1457979',1952,,509,14,,,0
209,'1458006',1422,,510,14,,,0
209,'1458025',652,,511,14,,,0
209,'1458029',1922,,512,14,,,0
209,'1458032',1152,,513,14,,,0
209,'1458046',722,,514,14,,,0
209,'1467968',1522,,395,14,,,0
209,'1467993',1652,,398,14,,,0
209,'1468003',1352,,400,14,,,0
209,'1468007',2152,,401,14,,,0
209,'1468017',922,,402,14,,,0
209,'1468034',1752,,405,14,,,0
209,'1468038',952,,406,14,,,0
209,'1468054',852,,408,14,,,0
209,'1468079',822,,409,14,,,0
209,'1468088',2022,,410,14,,,0
209,'1468109',1222,,411,14,,,0
209,'1468127',752,,413,14,,,0
209,'1468129',1052,,414,14,,,0
209,'1468134',1852,,415,14,,,0
209,'1468156',1822,,416,14,,,0
209,'1468158',1722,,417,14,,,0
209,'1468197',1322,,419,14,,,0
209,'1468238',1122,,420,14,,,0
209,'1468288',1252,,425,14,,,0
209,'1468302',1152,,428,14,,,0
209,'1468306',1622,,429,14,,,0
209,'1468319',2052,,431,14,,,0
209,'1468342',1422,,433,14,,,0
209,'1468357',1022,,434,14,,,0
209,'1468388',622,,435,14,,,0
209,'1468403',2222,,438,14,,,0
209,'1468420',1452,,440,14,,,0
209,'1468421',652,,441,14,,,0
209,'1468443',1552,,442,14,,,0
209,'1468446',2122,,443,14,,,0
209,'1468448',722,,444,14,,,0
209,'1468457',1922,,446,14,,,0
209,'1468482',1952,,448,14,,,0
209,'1469168',852,,515,14,,,0
209,'1469169',922,,516,14,,,0
209,'1469170',952,,517,14,,,0
209,'1469171',1022,,518,14,,,0
209,'1469172',1052,,519,14,,,0
209,'1469173',1122,,520,14,,,0
209,'1469174',1152,,521,14,,,0
209,'1469175',1222,,522,14,,,0
209,'1469176',1252,,523,14,,,0
209,'1469177',1322,,524,14,,,0
209,'1469178',1352,,525,14,,,0
209,'1469179',1422,,526,14,,,0
209,'1469180',1452,,527,14,,,0
209,'1469181',1522,,528,14,,,0
209,'1469182',1552,,529,14,,,0
209,'1469183',1622,,530,14,,,0
209,'1469184',1652,,531,14,,,0
209,'1469185',1722,,532,14,,,0
209,'1469186',1752,,533,14,,,0
209,'1469187',1822,,534,14,,,0
209,'1469188',1852,,535,14,,,0
209,'1469189',1922,,536,14,,,0
209,'1469190',1952,,537,14,,,0
