709,'1442614',732,,449,22,,,0
709,'1442622',2002,,450,22,,,0
709,'1442670',2132,,451,22,,,0
709,'1442732',2032,,452,22,,,0
709,'1442767',1632,,453,22,,,0
709,'1442817',1702,,454,22,,,0
709,'1442848',1802,,455,22,,,0
709,'1442896',802,,456,22,,,0
709,'1442972',1932,,457,22,,,0
709,'1443069',1232,,458,22,,,0
709,'1443156',632,,459,22,,,0
709,'1443162',1402,,460,22,,,0
709,'1443179',1432,,461,22,,,0
709,'1443229',1302,,462,22,,,0
709,'1443345',1832,,463,22,,,0
709,'1443404',832,,464,22,,,0
709,'1443436',1202,,465,22,,,0
709,'1443487',1132,,466,22,,,0
709,'1443532',702,,467,22,,,0
709,'1443541',932,,468,22,,,0
709,'1443550',2232,,469,22,,,0
709,'1443573',1602,,470,22,,,0
709,'1443663',1032,,471,22,,,0
709,'1443697',1002,,472,22,,,0
709,'1443868',902,,473,22,,,0
709,'1443959',1102,,474,22,,,0
709,'1443993',1332,,475,22,,,0
709,'1444109',1502,,476,22,,,0
709,'1444167',2102,,477,22,,,0
709,'1444230',1902,,478,22,,,0
709,'1444467',1732,,479,22,,,0
709,'1444493',1532,,480,22,,,0
709,'1444706',2202,,481,22,,,0
709,'1471238',903,,337,22,,,0
709,'1471239',933,,338,22,,,0
709,'1471240',1003,,339,22,,,0
709,'1471241',1033,,340,22,,,0
709,'1471242',1103,,341,22,,,0
709,'1471243',1133,,342,22,,,0
709,'1471244',1203,,343,22,,,0
709,'1471245',1233,,344,22,,,0
709,'1471246',1303,,345,22,,,0
709,'1471247',1333,,346,22,,,0
709,'1471248',1403,,347,22,,,0
709,'1471249',1433,,348,22,,,0
709,'1471250',1503,,349,22,,,0
709,'1471251',1533,,350,22,,,0
709,'1471252',1603,,351,22,,,0
709,'1471253',1633,,352,22,,,0
709,'1471254',1703,,353,22,,,0
709,'1471255',1733,,354,22,,,0
709,'1471256',1803,,355,22,,,0
709,'1471257',1833,,356,22,,,0
709,'1471258',1903,,357,22,,,0
709,'1471259',1933,,358,22,,,0
709,'1471260',2003,,359,22,,,0
709,'1480384',632,,360,22,,,0
709,'1480385',702,,361,22,,,0
709,'1480386',732,,362,22,,,0
709,'1480387',802,,363,22,,,0
709,'1480388',832,,364,22,,,0
709,'1480389',902,,365,22,,,0
709,'1480390',932,,366,22,,,0
709,'1480391',1002,,367,22,,,0
709,'1480392',1032,,368,22,,,0
709,'1480393',1102,,369,22,,,0
709,'1480394',1132,,370,22,,,0
709,'1480395',1202,,371,22,,,0
709,'1480396',1232,,372,22,,,0
709,'1480397',1302,,373,22,,,0
709,'1480398',1332,,374,22,,,0
709,'1480399',1402,,375,22,,,0
709,'1480400',1432,,376,22,,,0
709,'1480401',1502,,377,22,,,0
709,'1480402',1532,,378,22,,,0
709,'1480403',1602,,379,22,,,0
709,'1480404',1632,,380,22,,,0
709,'1480405',1702,,381,22,,,0
709,'1480406',1732,,382,22,,,0
709,'1480407',1802,,383,22,,,0
709,'1480408',1832,,384,22,,,0
709,'1480409',1902,,385,22,,,0
709,'1480410',1932,,386,22,,,0
709,'1480411',2002,,387,22,,,0
709,'1480412',2032,,388,22,,,0
709,'1480413',2102,,389,22,,,0
709,'1480414',2132,,390,22,,,0
709,'1480415',2202,,391,22,,,0
709,'1480416',2232,,392,22,,,0
