809,'1489412',616,,281,3,,,0
809,'1489413',646,,282,3,,,0
809,'1489414',716,,283,3,,,0
809,'1489415',746,,284,3,,,0
809,'1489416',816,,285,3,,,0
809,'1489417',846,,286,3,,,0
809,'1489418',916,,287,3,,,0
809,'1489419',946,,288,3,,,0
809,'1489420',1016,,289,3,,,0
809,'1489421',1046,,290,3,,,0
809,'1489422',1116,,291,3,,,0
809,'1489423',1146,,292,3,,,0
809,'1489424',1216,,293,3,,,0
809,'1489425',1246,,294,3,,,0
809,'1489426',1316,,295,3,,,0
809,'1489427',1346,,296,3,,,0
809,'1489428',1416,,297,3,,,0
809,'1489429',1446,,298,3,,,0
809,'1489430',1516,,299,3,,,0
809,'1489431',1546,,300,3,,,0
809,'1489432',1616,,301,3,,,0
809,'1489433',1646,,302,3,,,0
809,'1489434',1716,,303,3,,,0
809,'1489435',1746,,304,3,,,0
809,'1489436',1816,,305,3,,,0
809,'1489437',1846,,306,3,,,0
809,'1489438',1916,,307,3,,,0
809,'1489439',1946,,308,3,,,0
809,'1489440',2016,,309,3,,,0
809,'1489441',2046,,310,3,,,0
809,'1489442',2116,,311,3,,,0
809,'1489443',2146,,312,3,,,0
809,'1489444',2216,,313,3,,,0
809,'1489445',846,,314,3,,,0
809,'1489446',916,,315,3,,,0
809,'1489447',946,,316,3,,,0
809,'1489448',1016,,317,3,,,0
809,'1489449',1046,,318,3,,,0
809,'1489450',1116,,319,3,,,0
809,'1489451',1146,,320,3,,,0
809,'1489452',1216,,321,3,,,0
809,'1489453',1246,,322,3,,,0
809,'1489454',1316,,323,3,,,0
809,'1489455',1346,,324,3,,,0
809,'1489456',1416,,325,3,,,0
809,'1489457',1446,,326,3,,,0
809,'1489458',1516,,327,3,,,0
809,'1489459',1546,,328,3,,,0
809,'1489460',1616,,329,3,,,0
809,'1489461',1646,,330,3,,,0
809,'1489462',1716,,331,3,,,0
809,'1489463',1746,,332,3,,,0
809,'1489464',1816,,333,3,,,0
809,'1489465',1846,,334,3,,,0
809,'1489466',1916,,335,3,,,0
809,'1489467',1946,,336,3,,,0
