1019,1800000,1,0,0
1019,1900000,2,0,0
1019,1800001,3,0,0
1019,1800002,4,0,0
1019,1800003,5,0,0
1019,1900003,6,0,0
1019,1800004,7,0,0
1019,1800005,8,0,0
1019,1800006,9,0,0
1019,1800007,10,0,0
1019,1800008,11,0,0
1019,2000008,12,0,0
1019,1800009,13,0,0
1019,1800010,14,0,0
1019,1900010,15,0,0
1019,1800011,16,0,0
1019,1900011,17,0,0
1019,1800012,18,0,0
1019,1800013,19,0,0
1019,1800014,20,0,0
1019,1800015,21,0,0
1019,1800016,22,0,0
1019,1900016,23,0,0
1019,1800017,24,0,0
1019,1800018,25,0,0
1019,1800019,26,0,0
1019,1900019,27,0,0
1019,1800020,28,0,0
1019,1800021,29,0,0
1019,1800022,30,0,0
2019,1200000,1,0,0
2019,1300001,2,0,0
2019,1400001,3,0,0
2019,1200002,4,0,0
2019,1200004,5,0,0
2019,1200005,6,0,0
2019,1200006,7,0,0
2019,1200007,8,0,0
2019,1200008,9,0,0
2019,1200009,10,0,0
2019,1200010,11,0,0
2019,1200011,12,0,0
2019,1200012,13,0,0
2019,1200013,14,0,0
2019,1200014,15,0,0
2019,1200015,16,0,0
2019,1200016,17,0,0
2019,1200017,18,0,0
2019,1200018,19,0,0
2019,1200019,20,0,0
2019,1200020,21,0,0
2019,1200021,22,0,0
2019,1200022,23,0,0
2019,1300022,24,0,0
2019,1200023,25,0,0
2019,1400023,26,0,0
2019,1200024,27,0,0
2019,1200025,28,0,0
2019,1200026,29,0,0
2019,1200027,30,0,0
2019,1200028,31,0,0
2019,1200029,32,0,0
2019,1200030,33,0,0
2019,1200031,34,0,0
2019,1200032,35,0,0
2019,1200033,36,0,0
2019,1200034,37,0,0
2019,1200035,38,0,0
2019,1200036,39,0,0
2019,1200037,40,0,0
2019,1200038,41,0,0
2019,1200039,42,0,0
3019,1900000,1,0,0
3019,1900001,2,0,0
3019,2000001,3,0,0
3019,1900002,4,0,0
3019,2100002,5,0,0
3019,1900003,6,0,0
3019,1900004,7,0,0
3019,1900005,8,0,0
3019,2000005,9,0,0
3019,1900006,10,0,0
3019,1900007,11,0,0
3019,1900008,12,0,0
3019,1900009,13,0,0
3019,1900010,14,0,0
3019,1900011,15,0,0
3019,1900012,16,0,0
3019,1900013,17,0,0
3019,1900014,18,0,0
3019,1900015,19,0,0
3019,2000015,20,0,0
3019,2100015,21,0,0
3019,1900016,22,0,0
3019,1900017,23,0,0
3019,1901017,24,0,0
3019,2000017,25,0,0
3019,2100017,26,0,0
3019,2200017,27,0,0
3019,2300017,28,0,0
3019,2400017,29,0,0
3019,2500017,30,0,0
3019,1900021,31,0,0
3019,1900022,32,0,0
3019,1900026,33,0,0
3019,1900027,34,0,0
3019,1900028,35,0,0
3019,1900029,36,0,0
3019,1900030,37,0,0
3019,1900031,38,0,0
3019,2000031,39,0,0
3019,1900032,40,0,0
3019,1900033,41,0,0
3019,1900034,42,0,0
3019,1800000,43,1,1
3029,1900000,1,0,0
3029,1900001,2,0,0
3029,2000001,3,0,0
3029,1900002,4,0,0
3029,2100002,5,0,0
3029,1900003,6,0,0
3029,1900004,7,0,0
3029,1900005,8,0,0
3029,2000005,9,0,0
3029,1900006,10,0,0
3029,1900007,11,0,0
3029,1900008,12,0,0
3029,1900009,13,0,0
3029,1900010,14,0,0
3029,1900011,15,0,0
3029,1900012,16,0,0
3029,1900013,17,0,0
3029,1900014,18,0,0
3029,1900015,19,0,0
3029,1900016,20,0,0
3029,1900017,21,0,0
3029,1901018,22,0,0
3029,2100018,23,0,0
3029,1900019,24,0,0
3029,2000019,25,0,0
3029,1900020,26,0,0
3029,1900021,27,0,0
3029,1900022,28,0,0
3029,1900023,29,0,0
3029,1900024,30,0,0
3029,1900025,31,0,0
3029,1900026,32,0,0
3029,1900027,33,0,0
3029,1900028,34,0,0
3029,1900029,35,0,0
3029,1900030,36,0,0
3029,1900031,37,0,0
3029,2000031,38,0,0
3029,1900032,39,0,0
3029,1900033,40,0,0
3029,1900034,41,0,0
3029,1800000,42,1,1
4019,700000,1,0,0
4019,700002,2,0,0
4019,700003,3,0,0
4019,700004,4,0,0
4019,700005,5,0,0
4019,700006,6,0,0
4019,700015,7,0,0
4019,700014,8,0,0
4019,700016,9,0,0
4019,700018,10,0,0
4019,700020,11,0,0
4019,700021,12,0,0
4019,700022,13,0,0
4019,700023,14,0,0
4019,700024,15,0,0
4019,800025,16,0,0
4019,700027,17,0,0
4019,700028,18,0,0
4019,700029,19,0,0
4019,700030,20,0,0
4019,800030,21,0,0
4019,700031,22,0,0
4019,700032,23,0,0
4019,700033,24,0,0
4019,700034,25,0,0
4019,700035,26,0,0
4019,800035,27,0,0
4019,700036,28,0,0
4019,700037,29,0,0
4019,700038,30,0,0
4019,800039,31,0,0
4019,700040,32,0,0
4019,700041,33,0,0
4019,700042,34,0,0
4019,700044,35,0,0
7019,230015218,1,0,0
7019,700002,2,0,0
7019,700003,3,0,0
7019,700004,4,0,0
7019,700005,5,0,0
7019,700006,6,0,0
7019,700007,7,0,0
7019,700010,8,0,0
7019,700011,9,0,0
7019,700012,10,0,0
7019,700013,11,0,0
7019,700014,12,0,0
7019,700016,13,0,0
7019,700018,14,0,0
7019,2300022,15,0,0
7019,2500022,16,0,0
7019,2400022,17,0,0
7019,2300023,18,0,0
7019,2500011,19,0,0
7019,2300012,20,0,0
7019,2300013,21,0,0
7019,2300014,22,0,0
7019,2300015,23,0,0
7019,2300016,24,0,0
7019,2300017,25,0,0
7019,2300018,26,0,0
7019,2300019,27,0,0
7019,2300020,28,0,0
8019,23000318,1,0,0
8019,2300001,2,0,0
8019,2300002,3,0,0
8019,2300003,4,0,0
8019,2300004,5,0,0
8019,2300005,6,0,0
8019,2300006,7,0,0
8019,2300007,8,0,0
8019,2400007,9,0,0
8019,2300008,10,0,0
8019,2300009,11,0,0
8019,2300010,12,0,0
8019,2500010,13,0,0
8019,2600010,14,0,0
8019,2300011,15,0,0
8019,2300024,16,0,0
8019,2300025,17,0,0
8019,2300026,18,0,0
8019,2300027,19,0,0
8019,2300028,20,0,0
8019,2300029,21,0,0
8019,2300030,22,0,0
8019,2400030,23,0,0
8019,2300031,24,0,0
