709,'1471238',913,,337,28,,,0
709,'1471239',943,,338,28,,,0
709,'1471240',1013,,339,28,,,0
709,'1471241',1043,,340,28,,,0
709,'1471242',1113,,341,28,,,0
709,'1471243',1143,,342,28,,,0
709,'1471244',1213,,343,28,,,0
709,'1471245',1243,,344,28,,,0
709,'1471246',1313,,345,28,,,0
709,'1471247',1343,,346,28,,,0
709,'1471248',1413,,347,28,,,0
709,'1471249',1443,,348,28,,,0
709,'1471250',1513,,349,28,,,0
709,'1471251',1543,,350,28,,,0
709,'1471252',1613,,351,28,,,0
709,'1471253',1643,,352,28,,,0
709,'1471254',1713,,353,28,,,0
709,'1471255',1743,,354,28,,,0
709,'1471256',1813,,355,28,,,0
709,'1471257',1843,,356,28,,,0
709,'1471258',1913,,357,28,,,0
709,'1471259',1943,,358,28,,,0
709,'1471260',2013,,359,28,,,0
709,'1480384',643,,360,28,,,0
709,'1480385',713,,361,28,,,0
709,'1480386',743,,362,28,,,0
709,'1480387',813,,363,28,,,0
709,'1480388',843,,364,28,,,0
709,'1480389',913,,365,28,,,0
709,'1480390',943,,366,28,,,0
709,'1480391',1013,,367,28,,,0
709,'1480392',1043,,368,28,,,0
709,'1480393',1113,,369,28,,,0
709,'1480394',1143,,370,28,,,0
709,'1480395',1213,,371,28,,,0
709,'1480396',1243,,372,28,,,0
709,'1480397',1313,,373,28,,,0
709,'1480398',1343,,374,28,,,0
709,'1480399',1413,,375,28,,,0
709,'1480400',1443,,376,28,,,0
709,'1480401',1513,,377,28,,,0
709,'1480402',1543,,378,28,,,0
709,'1480403',1613,,379,28,,,0
709,'1480404',1643,,380,28,,,0
709,'1480405',1713,,381,28,,,0
709,'1480406',1743,,382,28,,,0
709,'1480407',1813,,383,28,,,0
709,'1480408',1843,,384,28,,,0
709,'1480409',1913,,385,28,,,0
709,'1480410',1943,,386,28,,,0
709,'1480411',2013,,387,28,,,0
709,'1480412',2043,,388,28,,,0
709,'1480413',2113,,389,28,,,0
709,'1480414',2143,,390,28,,,0
709,'1480415',2213,,391,28,,,0
709,'1480416',2243,,392,28,,,0
