209,'1474286',635,,538,37,,,0
209,'1474287',705,,539,37,,,0
209,'1474288',735,,540,37,,,0
209,'1474289',805,,541,37,,,0
209,'1474290',835,,542,37,,,0
209,'1474291',905,,543,37,,,0
209,'1474292',935,,544,37,,,0
209,'1474293',1005,,545,37,,,0
209,'1474294',1035,,546,37,,,0
209,'1474295',1105,,547,37,,,0
209,'1474296',1135,,548,37,,,0
209,'1474297',1205,,549,37,,,0
209,'1474298',1235,,550,37,,,0
209,'1474299',1305,,551,37,,,0
209,'1474300',1335,,552,37,,,0
209,'1474301',1405,,553,37,,,0
209,'1474302',1435,,554,37,,,0
209,'1474303',1505,,555,37,,,0
209,'1474304',1535,,556,37,,,0
209,'1474305',1605,,557,37,,,0
209,'1474306',1635,,558,37,,,0
209,'1474307',1705,,559,37,,,0
209,'1474308',1735,,560,37,,,0
209,'1474309',1805,,561,37,,,0
209,'1474310',1835,,562,37,,,0
209,'1474311',1905,,563,37,,,0
209,'1474312',1935,,564,37,,,0
209,'1474313',2005,,565,37,,,0
209,'1474314',2035,,566,37,,,0
209,'1474315',2105,,567,37,,,0
209,'1474316',2135,,568,37,,,0
209,'1474317',2205,,569,37,,,0
209,'1474318',2235,,570,37,,,0
209,'1474319',905,,571,37,,,0
209,'1474320',935,,572,37,,,0
209,'1474321',1005,,573,37,,,0
209,'1474322',1035,,574,37,,,0
209,'1474323',1105,,575,37,,,0
209,'1474324',1135,,576,37,,,0
209,'1474325',1205,,577,37,,,0
209,'1474326',1235,,578,37,,,0
209,'1474327',1305,,579,37,,,0
209,'1474328',1335,,580,37,,,0
209,'1474329',1405,,581,37,,,0
209,'1474330',1435,,582,37,,,0
209,'1474331',1505,,583,37,,,0
209,'1474332',1535,,584,37,,,0
209,'1474333',1605,,585,37,,,0
209,'1474334',1635,,586,37,,,0
209,'1474335',1705,,587,37,,,0
209,'1474336',1735,,588,37,,,0
209,'1474337',1805,,589,37,,,0
209,'1474338',1835,,590,37,,,0
209,'1474339',1905,,591,37,,,0
209,'1474340',1935,,592,37,,,0
209,'1474341',2005,,593,37,,,0
