8019,'1489412',644,,281,24,,,0
8019,'1489413',714,,282,24,,,0
8019,'1489414',744,,283,24,,,0
8019,'1489415',814,,284,24,,,0
8019,'1489416',844,,285,24,,,0
8019,'1489417',914,,286,24,,,0
8019,'1489418',944,,287,24,,,0
8019,'1489419',1014,,288,24,,,0
8019,'1489420',1044,,289,24,,,0
8019,'1489421',1114,,290,24,,,0
8019,'1489422',1144,,291,24,,,0
8019,'1489423',1214,,292,24,,,0
8019,'1489424',1244,,293,24,,,0
8019,'1489425',1314,,294,24,,,0
8019,'1489426',1344,,295,24,,,0
8019,'1489427',1414,,296,24,,,0
8019,'1489428',1444,,297,24,,,0
8019,'1489429',1514,,298,24,,,0
8019,'1489430',1544,,299,24,,,0
8019,'1489431',1614,,300,24,,,0
8019,'1489432',1644,,301,24,,,0
8019,'1489433',1714,,302,24,,,0
8019,'1489434',1744,,303,24,,,0
8019,'1489435',1814,,304,24,,,0
8019,'1489436',1844,,305,24,,,0
8019,'1489437',1914,,306,24,,,0
8019,'1489438',1944,,307,24,,,0
8019,'1489439',2014,,308,24,,,0
8019,'1489440',2044,,309,24,,,0
8019,'1489441',2114,,310,24,,,0
8019,'1489442',2144,,311,24,,,0
8019,'1489443',2214,,312,24,,,0
8019,'1489444',2244,,313,24,,,0
8019,'1489445',914,,314,24,,,0
8019,'1489446',944,,315,24,,,0
8019,'1489447',1014,,316,24,,,0
8019,'1489448',1044,,317,24,,,0
8019,'1489449',1114,,318,24,,,0
8019,'1489450',1144,,319,24,,,0
8019,'1489451',1214,,320,24,,,0
8019,'1489452',1244,,321,24,,,0
8019,'1489453',1314,,322,24,,,0
8019,'1489454',1344,,323,24,,,0
8019,'1489455',1414,,324,24,,,0
8019,'1489456',1444,,325,24,,,0
8019,'1489457',1514,,326,24,,,0
8019,'1489458',1544,,327,24,,,0
8019,'1489459',1614,,328,24,,,0
8019,'1489460',1644,,329,24,,,0
8019,'1489461',1714,,330,24,,,0
8019,'1489462',1744,,331,24,,,0
8019,'1489463',1814,,332,24,,,0
8019,'1489464',1844,,333,24,,,0
8019,'1489465',1914,,334,24,,,0
8019,'1489466',1944,,335,24,,,0
8019,'1489467',2014,,336,24,,,0
