109,'1456814',1436,,1,21,,,0
109,'1456819',1606,,2,21,,,0
109,'1456824',1836,,3,21,,,0
109,'1456829',906,,4,21,,,0
109,'1456834',936,,5,21,,,0
109,'1456836',1836,,6,21,,,0
109,'1456837',706,,7,21,,,0
109,'1456840',1806,,8,21,,,0
109,'1456877',936,,9,21,,,0
109,'1456880',636,,10,21,,,0
109,'1456889',1636,,11,21,,,0
109,'1456915',1036,,12,21,,,0
109,'1456918',1906,,13,21,,,0
109,'1456919',1636,,14,21,,,0
109,'1456920',2136,,15,21,,,0
109,'1456950',836,,16,21,,,0
109,'1456960',1206,,17,21,,,0
109,'1456962',1306,,18,21,,,0
109,'1456984',1106,,19,21,,,0
109,'1456985',2036,,20,21,,,0
109,'1457004',806,,21,21,,,0
109,'1457017',1236,,22,21,,,0
109,'1457020',1806,,23,21,,,0
109,'1457022',1336,,24,21,,,0
109,'1457029',2206,,25,21,,,0
109,'1457030',2106,,26,21,,,0
109,'1457036',1936,,27,21,,,0
109,'1457038',1506,,28,21,,,0
109,'1457041',1606,,29,21,,,0
109,'1457072',906,,30,21,,,0
109,'1457093',1536,,31,21,,,0
109,'1457107',736,,32,21,,,0
109,'1457111',1036,,33,21,,,0
109,'1457122',1006,,34,21,,,0
109,'1457126',2006,,35,21,,,0
109,'1457134',1906,,36,21,,,0
109,'1457138',1706,,37,21,,,0
109,'1457157',1136,,38,21,,,0
109,'1457178',1406,,39,21,,,0
109,'1457184',1436,,40,21,,,0
109,'1457201',1306,,41,21,,,0
109,'1457203',1206,,42,21,,,0
109,'1457208',2006,,43,21,,,0
109,'1457212',1406,,44,21,,,0
109,'1457238',1706,,45,21,,,0
109,'1457256',1136,,46,21,,,0
109,'1457268',1736,,47,21,,,0
109,'1457283',1736,,48,21,,,0
109,'1457290',2236,,49,21,,,0
109,'1457302',1536,,50,21,,,0
109,'1457309',1936,,51,21,,,0
109,'1457336',1106,,52,21,,,0
109,'1457337',1006,,53,21,,,0
109,'1457368',1236,,54,21,,,0
109,'1457373',1336,,55,21,,,0
109,'1457382',1506,,56,21,,,0
