8019,'1489412',627,,281,11,,,0
8019,'1489413',657,,282,11,,,0
8019,'1489414',727,,283,11,,,0
8019,'1489415',757,,284,11,,,0
8019,'1489416',827,,285,11,,,0
8019,'1489417',857,,286,11,,,0
8019,'1489418',927,,287,11,,,0
8019,'1489419',957,,288,11,,,0
8019,'1489420',1027,,289,11,,,0
8019,'1489421',1057,,290,11,,,0
8019,'1489422',1127,,291,11,,,0
8019,'1489423',1157,,292,11,,,0
8019,'1489424',1227,,293,11,,,0
8019,'1489425',1257,,294,11,,,0
8019,'1489426',1327,,295,11,,,0
8019,'1489427',1357,,296,11,,,0
8019,'1489428',1427,,297,11,,,0
8019,'1489429',1457,,298,11,,,0
8019,'1489430',1527,,299,11,,,0
8019,'1489431',1557,,300,11,,,0
8019,'1489432',1627,,301,11,,,0
8019,'1489433',1657,,302,11,,,0
8019,'1489434',1727,,303,11,,,0
8019,'1489435',1757,,304,11,,,0
8019,'1489436',1827,,305,11,,,0
8019,'1489437',1857,,306,11,,,0
8019,'1489438',1927,,307,11,,,0
8019,'1489439',1957,,308,11,,,0
8019,'1489440',2027,,309,11,,,0
8019,'1489441',2057,,310,11,,,0
8019,'1489442',2127,,311,11,,,0
8019,'1489443',2157,,312,11,,,0
8019,'1489444',2227,,313,11,,,0
8019,'1489445',857,,314,11,,,0
8019,'1489446',927,,315,11,,,0
8019,'1489447',957,,316,11,,,0
8019,'1489448',1027,,317,11,,,0
8019,'1489449',1057,,318,11,,,0
8019,'1489450',1127,,319,11,,,0
8019,'1489451',1157,,320,11,,,0
8019,'1489452',1227,,321,11,,,0
8019,'1489453',1257,,322,11,,,0
8019,'1489454',1327,,323,11,,,0
8019,'1489455',1357,,324,11,,,0
8019,'1489456',1427,,325,11,,,0
8019,'1489457',1457,,326,11,,,0
8019,'1489458',1527,,327,11,,,0
8019,'1489459',1557,,328,11,,,0
8019,'1489460',1627,,329,11,,,0
8019,'1489461',1657,,330,11,,,0
8019,'1489462',1727,,331,11,,,0
8019,'1489463',1757,,332,11,,,0
8019,'1489464',1827,,333,11,,,0
8019,'1489465',1857,,334,11,,,0
8019,'1489466',1927,,335,11,,,0
8019,'1489467',1957,,336,11,,,0
