409,'1474077',642,,169,34,,,0
409,'1474078',712,,170,34,,,0
409,'1474079',742,,171,34,,,0
409,'1474080',812,,172,34,,,0
409,'1474081',842,,173,34,,,0
409,'1474082',912,,174,34,,,0
409,'1474083',942,,175,34,,,0
409,'1474084',1012,,176,34,,,0
409,'1474085',1042,,177,34,,,0
409,'1474086',1112,,178,34,,,0
409,'1474087',1142,,179,34,,,0
409,'1474088',1212,,180,34,,,0
409,'1474089',1242,,181,34,,,0
409,'1474090',1312,,182,34,,,0
409,'1474091',1342,,183,34,,,0
409,'1474092',1412,,184,34,,,0
409,'1474093',1442,,185,34,,,0
409,'1474094',1512,,186,34,,,0
409,'1474095',1542,,187,34,,,0
409,'1474096',1612,,188,34,,,0
409,'1474097',1642,,189,34,,,0
409,'1474098',1712,,190,34,,,0
409,'1474099',1742,,191,34,,,0
409,'1474100',1812,,192,34,,,0
409,'1474101',1842,,193,34,,,0
409,'1474102',1912,,194,34,,,0
409,'1474103',1942,,195,34,,,0
409,'1474104',2012,,196,34,,,0
409,'1474105',2042,,197,34,,,0
409,'1474106',2112,,198,34,,,0
409,'1474107',2142,,199,34,,,0
409,'1474108',2212,,200,34,,,0
409,'1474109',2242,,201,34,,,0
409,'1474110',912,,202,34,,,0
409,'1474111',942,,203,34,,,0
409,'1474112',1012,,204,34,,,0
409,'1474113',1042,,205,34,,,0
409,'1474114',1112,,206,34,,,0
409,'1474115',1142,,207,34,,,0
409,'1474116',1212,,208,34,,,0
409,'1474117',1242,,209,34,,,0
409,'1474118',1312,,210,34,,,0
409,'1474119',1342,,211,34,,,0
409,'1474120',1412,,212,34,,,0
409,'1474121',1442,,213,34,,,0
409,'1474122',1512,,214,34,,,0
409,'1474123',1542,,215,34,,,0
409,'1474124',1612,,216,34,,,0
409,'1474125',1642,,217,34,,,0
409,'1474126',1712,,218,34,,,0
409,'1474127',1742,,219,34,,,0
409,'1474128',1812,,220,34,,,0
409,'1474129',1842,,221,34,,,0
409,'1474130',1912,,222,34,,,0
409,'1474131',1942,,223,34,,,0
409,'1474132',2012,,224,34,,,0
