209,'1467963',1955,,393,21,,,0
209,'1467965',1255,,394,21,,,0
209,'1467968',1525,,395,21,,,0
209,'1467975',1025,,396,21,,,0
209,'1467991',1225,,397,21,,,0
209,'1467993',1655,,398,21,,,0
209,'1467994',855,,399,21,,,0
209,'1468003',1355,,400,21,,,0
209,'1468007',2155,,401,21,,,0
209,'1468017',925,,402,21,,,0
209,'1468027',1525,,403,21,,,0
209,'1468031',1455,,404,21,,,0
209,'1468034',1755,,405,21,,,0
209,'1468038',955,,406,21,,,0
209,'1468046',955,,407,21,,,0
209,'1468054',855,,408,21,,,0
209,'1468079',825,,409,21,,,0
209,'1468088',2025,,410,21,,,0
209,'1468109',1225,,411,21,,,0
209,'1468126',1655,,412,21,,,0
209,'1468127',755,,413,21,,,0
209,'1468129',1055,,414,21,,,0
209,'1468134',1855,,415,21,,,0
209,'1468156',1825,,416,21,,,0
209,'1468158',1725,,417,21,,,0
209,'1468169',1325,,418,21,,,0
209,'1468197',1325,,419,21,,,0
209,'1468238',1125,,420,21,,,0
209,'1468240',925,,421,21,,,0
209,'1468243',1825,,422,21,,,0
209,'1468250',1355,,423,21,,,0
209,'1468284',1125,,424,21,,,0
209,'1468288',1255,,425,21,,,0
209,'1468289',1425,,426,21,,,0
209,'1468293',1055,,427,21,,,0
209,'1468302',1155,,428,21,,,0
209,'1468306',1625,,429,21,,,0
209,'1468315',1755,,430,21,,,0
209,'1468319',2055,,431,21,,,0
209,'1468325',1925,,432,21,,,0
209,'1468342',1425,,433,21,,,0
209,'1468357',1025,,434,21,,,0
209,'1468388',625,,435,21,,,0
209,'1468398',1625,,436,21,,,0
209,'1468402',1855,,437,21,,,0
209,'1468403',2225,,438,21,,,0
209,'1468408',1725,,439,21,,,0
209,'1468420',1455,,440,21,,,0
209,'1468421',655,,441,21,,,0
209,'1468443',1555,,442,21,,,0
209,'1468446',2125,,443,21,,,0
209,'1468448',725,,444,21,,,0
209,'1468453',1155,,445,21,,,0
209,'1468457',1925,,446,21,,,0
209,'1468479',1555,,447,21,,,0
209,'1468482',1955,,448,21,,,0
