4019,'1492568',617,,761,4,,,0
4019,'1492569',647,,762,4,,,0
4019,'1492570',717,,763,4,,,0
4019,'1492571',747,,764,4,,,0
4019,'1492572',817,,765,4,,,0
4019,'1492573',847,,766,4,,,0
4019,'1492574',917,,767,4,,,0
4019,'1492575',947,,768,4,,,0
4019,'1492576',1017,,769,4,,,0
4019,'1492577',1047,,770,4,,,0
4019,'1492578',1117,,771,4,,,0
4019,'1492579',1147,,772,4,,,0
4019,'1492580',1217,,773,4,,,0
4019,'1492581',1247,,774,4,,,0
4019,'1492582',1317,,775,4,,,0
4019,'1492583',1347,,776,4,,,0
4019,'1492584',1417,,777,4,,,0
4019,'1492585',1447,,778,4,,,0
4019,'1492586',1517,,779,4,,,0
4019,'1492587',1547,,780,4,,,0
4019,'1492588',1617,,781,4,,,0
4019,'1492589',1647,,782,4,,,0
4019,'1492590',1717,,783,4,,,0
4019,'1492591',1747,,784,4,,,0
4019,'1492592',1817,,785,4,,,0
4019,'1492593',1847,,786,4,,,0
4019,'1492594',1917,,787,4,,,0
4019,'1492595',1947,,788,4,,,0
4019,'1492596',2017,,789,4,,,0
4019,'1492597',2047,,790,4,,,0
4019,'1492598',2117,,791,4,,,0
4019,'1492599',2147,,792,4,,,0
4019,'1492600',2217,,793,4,,,0
4019,'1492601',847,,794,4,,,0
4019,'1492602',917,,795,4,,,0
4019,'1492603',947,,796,4,,,0
4019,'1492604',1017,,797,4,,,0
4019,'1492605',1047,,798,4,,,0
4019,'1492606',1117,,799,4,,,0
4019,'1492607',1147,,800,4,,,0
4019,'1492608',1217,,801,4,,,0
4019,'1492609',1247,,802,4,,,0
4019,'1492610',1317,,803,4,,,0
4019,'1492611',1347,,804,4,,,0
4019,'1492612',1417,,805,4,,,0
4019,'1492613',1447,,806,4,,,0
4019,'1492614',1517,,807,4,,,0
4019,'1492615',1547,,808,4,,,0
4019,'1492616',1617,,809,4,,,0
4019,'1492617',1647,,810,4,,,0
4019,'1492618',1717,,811,4,,,0
4019,'1492619',1747,,812,4,,,0
4019,'1492620',1817,,813,4,,,0
4019,'1492621',1847,,814,4,,,0
4019,'1492622',1917,,815,4,,,0
4019,'1492623',1947,,816,4,,,0
7019,'1442614',716,,449,4,,,0
7019,'1442622',1946,,450,4,,,0
7019,'1442670',2116,,451,4,,,0
7019,'1442732',2016,,452,4,,,0
7019,'1442767',1616,,453,4,,,0
7019,'1442817',1646,,454,4,,,0
7019,'1442848',1746,,455,4,,,0
7019,'1442896',746,,456,4,,,0
7019,'1442972',1916,,457,4,,,0
7019,'1443069',1216,,458,4,,,0
7019,'1443156',616,,459,4,,,0
7019,'1443162',1346,,460,4,,,0
7019,'1443179',1416,,461,4,,,0
7019,'1443229',1246,,462,4,,,0
7019,'1443345',1816,,463,4,,,0
7019,'1443404',816,,464,4,,,0
7019,'1443436',1146,,465,4,,,0
7019,'1443487',1116,,466,4,,,0
7019,'1443532',646,,467,4,,,0
7019,'1443541',916,,468,4,,,0
7019,'1443550',2216,,469,4,,,0
7019,'1443573',1546,,470,4,,,0
7019,'1443663',1016,,471,4,,,0
7019,'1443697',946,,472,4,,,0
7019,'1443868',846,,473,4,,,0
7019,'1443959',1046,,474,4,,,0
7019,'1443993',1316,,475,4,,,0
7019,'1444109',1446,,476,4,,,0
7019,'1444167',2046,,477,4,,,0
7019,'1444230',1846,,478,4,,,0
7019,'1444467',1716,,479,4,,,0
7019,'1444493',1516,,480,4,,,0
7019,'1444706',2146,,481,4,,,0
7019,'1471238',848,,337,4,,,0
7019,'1471239',918,,338,4,,,0
7019,'1471240',948,,339,4,,,0
7019,'1471241',1018,,340,4,,,0
7019,'1471242',1048,,341,4,,,0
7019,'1471243',1118,,342,4,,,0
7019,'1471244',1148,,343,4,,,0
7019,'1471245',1218,,344,4,,,0
7019,'1471246',1248,,345,4,,,0
7019,'1471247',1318,,346,4,,,0
7019,'1471248',1348,,347,4,,,0
7019,'1471249',1418,,348,4,,,0
7019,'1471250',1448,,349,4,,,0
7019,'1471251',1518,,350,4,,,0
7019,'1471252',1548,,351,4,,,0
7019,'1471253',1618,,352,4,,,0
7019,'1471254',1648,,353,4,,,0
7019,'1471255',1718,,354,4,,,0
7019,'1471256',1748,,355,4,,,0
7019,'1471257',1818,,356,4,,,0
7019,'1471258',1848,,357,4,,,0
7019,'1471259',1918,,358,4,,,0
7019,'1471260',1948,,359,4,,,0
