309,'1470829',2002,,113,27,0,5 6,0
309,'1479876',700,,114,27,0,5 6,0
309,'1479877',800,,115,27,0,5 6,0
309,'1479878',900,,116,27,0,5 6,0
309,'1479879',1000,,117,27,0,5 6,0
309,'1479880',1100,,118,27,0,5 6,0
309,'1479881',1200,,119,27,0,5 6,0
309,'1479882',1300,,120,27,0,5 6,0
309,'1479883',1400,,121,27,0,5 6,0
309,'1479884',1500,,122,27,0,5 6,0
309,'1479885',1600,,123,27,0,5 6,0
309,'1479886',1700,,124,27,0,5 6,0
309,'1479887',1800,,125,27,0,5 6,0
309,'1479888',1900,,126,27,0,5 6,0
309,'1479889',2000,,127,27,0,5 6,0
309,'1479890',2100,,128,27,0,5 6,0
309,'1479891',2200,,129,27,0,5 6,0
309,'1479892',900,,130,27,0,5 6,0
309,'1479893',1000,,131,27,0,5 6,0
309,'1479894',1100,,132,27,0,5 6,0
309,'1479895',1200,,133,27,0,5 6,0
309,'1479896',1300,,134,27,0,5 6,0
309,'1479897',1400,,135,27,0,5 6,0
309,'1479898',1500,,136,27,0,5 6,0
309,'1479899',1600,,137,27,0,5 6,0
309,'1479900',1700,,138,27,0,5 6,0
309,'1479901',1800,,139,27,0,5 6,0
309,'1479902',1900,,140,27,0,5 6,0
309,'1489542',633,,141,31,0,5 7,0
309,'1489543',733,,142,31,0,5 7,0
309,'1489544',833,,143,31,0,5 7,0
309,'1489545',933,,144,31,0,5 7,0
309,'1489546',1033,,145,31,0,5 7,0
309,'1489547',1133,,146,31,0,5 7,0
309,'1489548',1233,,147,31,0,5 7,0
309,'1489549',1333,,148,31,0,5 7,0
309,'1489550',1433,,149,31,0,5 7,0
309,'1489551',1533,,150,31,0,5 7,0
309,'1489552',1633,,151,31,0,5 7,0
309,'1489553',1733,,152,31,0,5 7,0
309,'1489554',1833,,153,31,0,5 7,0
309,'1489555',1933,,154,31,0,5 7,0
309,'1489556',2033,,155,31,0,5 7,0
309,'1489557',2133,,156,31,0,5 7,0
309,'1489558',2233,,157,31,0,5 7,0
309,'1489559',933,,158,31,0,5 7,0
309,'1489560',1033,,159,31,0,5 7,0
309,'1489561',1133,,160,31,0,5 7,0
309,'1489562',1233,,161,31,0,5 7,0
309,'1489563',1333,,162,31,0,5 7,0
309,'1489564',1433,,163,31,0,5 7,0
309,'1489565',1533,,164,31,0,5 7,0
309,'1489566',1633,,165,31,0,5 7,0
309,'1489567',1733,,166,31,0,5 7,0
309,'1489568',1833,,167,31,0,5 7,0
309,'1489569',1933,,168,31,0,5 7,0
