109,'1456814',1437,,1,25,,,0
109,'1456819',1607,,2,25,,,0
109,'1456824',1837,,3,25,,,0
109,'1456829',907,,4,25,,,0
109,'1456834',937,,5,25,,,0
109,'1456836',1837,,6,25,,,0
109,'1456837',707,,7,25,,,0
109,'1456840',1807,,8,25,,,0
109,'1456877',937,,9,25,,,0
109,'1456880',637,,10,25,,,0
109,'1456889',1637,,11,25,,,0
109,'1456915',1037,,12,25,,,0
109,'1456918',1907,,13,25,,,0
109,'1456919',1637,,14,25,,,0
109,'1456920',2137,,15,25,,,0
109,'1456950',837,,16,25,,,0
109,'1456960',1207,,17,25,,,0
109,'1456962',1307,,18,25,,,0
109,'1456984',1107,,19,25,,,0
109,'1456985',2037,,20,25,,,0
109,'1457004',807,,21,25,,,0
109,'1457017',1237,,22,25,,,0
109,'1457020',1807,,23,25,,,0
109,'1457022',1337,,24,25,,,0
109,'1457029',2207,,25,25,,,0
109,'1457030',2107,,26,25,,,0
109,'1457036',1937,,27,25,,,0
109,'1457038',1507,,28,25,,,0
109,'1457041',1607,,29,25,,,0
109,'1457072',907,,30,25,,,0
109,'1457093',1537,,31,25,,,0
109,'1457107',737,,32,25,,,0
109,'1457111',1037,,33,25,,,0
109,'1457122',1007,,34,25,,,0
109,'1457126',2007,,35,25,,,0
109,'1457134',1907,,36,25,,,0
109,'1457138',1707,,37,25,,,0
109,'1457157',1137,,38,25,,,0
109,'1457178',1407,,39,25,,,0
109,'1457184',1437,,40,25,,,0
109,'1457201',1307,,41,25,,,0
109,'1457203',1207,,42,25,,,0
109,'1457208',2007,,43,25,,,0
109,'1457212',1407,,44,25,,,0
109,'1457238',1707,,45,25,,,0
109,'1457256',1137,,46,25,,,0
109,'1457268',1737,,47,25,,,0
109,'1457283',1737,,48,25,,,0
109,'1457290',2237,,49,25,,,0
109,'1457302',1537,,50,25,,,0
109,'1457309',1937,,51,25,,,0
109,'1457336',1107,,52,25,,,0
109,'1457337',1007,,53,25,,,0
109,'1457368',1237,,54,25,,,0
109,'1457373',1337,,55,25,,,0
109,'1457382',1507,,56,25,,,0
