3019,'1442631',1120,,706,10,,,0
3019,'1442675',1420,,707,10,,,0
3019,'1442733',1120,,708,10,,,0
3019,'1442752',2020,,709,10,,,0
3019,'1443103',1820,,710,10,,,0
3019,'1443204',1020,,711,10,,,0
3019,'1443220',1520,,712,10,,,0
3019,'1443234',2220,,713,10,,,0
3019,'1443313',1920,,714,10,,,0
3019,'1443385',1220,,715,10,,,0
3019,'1443475',1720,,716,10,,,0
3019,'1443501',1620,,717,10,,,0
3019,'1443646',620,,718,10,,,0
3019,'1443682',1320,,719,10,,,0
3019,'1443691',1720,,720,10,,,0
3019,'1443873',1920,,721,10,,,0
3019,'1443914',1320,,722,10,,,0
3019,'1443932',1020,,723,10,,,0
3019,'1444023',1420,,724,10,,,0
3019,'1444126',1820,,725,10,,,0
3019,'1444142',920,,726,10,,,0
3019,'1444180',920,,727,10,,,0
3019,'1444241',1620,,728,10,,,0
3019,'1444339',2120,,729,10,,,0
3019,'1444435',1520,,730,10,,,0
3019,'1444530',820,,731,10,,,0
3019,'1444556',1220,,732,10,,,0
3019,'1444662',720,,733,10,,,0
3029,'1402545',1550,,734,10,,,0
3029,'1402556',1350,,735,10,,,0
3029,'1402591',850,,736,10,,,0
3029,'1402611',1950,,737,10,,,0
3029,'1402624',1450,,738,10,,,0
3029,'1402656',1250,,739,10,,,0
3029,'1402688',1750,,740,10,,,0
3029,'1402691',1650,,741,10,,,0
3029,'1402699',950,,742,10,,,0
3029,'1402712',1450,,743,10,,,0
3029,'1402767',1550,,744,10,,,0
3029,'1402779',1250,,745,10,,,0
3029,'1402786',750,,746,10,,,0
3029,'1402795',1750,,747,10,,,0
3029,'1402803',1050,,748,10,,,0
3029,'1402809',650,,749,10,,,0
3029,'1402841',950,,750,10,,,0
3029,'1402852',2150,,751,10,,,0
3029,'1402874',1850,,752,10,,,0
3029,'1402905',1050,,753,10,,,0
3029,'1402920',850,,754,10,,,0
3029,'1402929',1150,,755,10,,,0
3029,'1402937',1650,,756,10,,,0
3029,'1402949',1150,,757,10,,,0
3029,'1403010',2050,,758,10,,,0
3029,'1403018',1850,,759,10,,,0
3029,'1403044',1350,,760,10,,,0
3029,'1450947',1950,,594,10,,,0
