709,'1471238',854,,337,10,,,0
709,'1471239',924,,338,10,,,0
709,'1471240',954,,339,10,,,0
709,'1471241',1024,,340,10,,,0
709,'1471242',1054,,341,10,,,0
709,'1471243',1124,,342,10,,,0
709,'1471244',1154,,343,10,,,0
709,'1471245',1224,,344,10,,,0
709,'1471246',1254,,345,10,,,0
709,'1471247',1324,,346,10,,,0
709,'1471248',1354,,347,10,,,0
709,'1471249',1424,,348,10,,,0
709,'1471250',1454,,349,10,,,0
709,'1471251',1524,,350,10,,,0
709,'1471252',1554,,351,10,,,0
709,'1471253',1624,,352,10,,,0
709,'1471254',1654,,353,10,,,0
709,'1471255',1724,,354,10,,,0
709,'1471256',1754,,355,10,,,0
709,'1471257',1824,,356,10,,,0
709,'1471258',1854,,357,10,,,0
709,'1471259',1924,,358,10,,,0
709,'1471260',1954,,359,10,,,0
709,'1480384',619,,360,10,,,0
709,'1480385',649,,361,10,,,0
709,'1480386',719,,362,10,,,0
709,'1480387',749,,363,10,,,0
709,'1480388',819,,364,10,,,0
709,'1480389',849,,365,10,,,0
709,'1480390',919,,366,10,,,0
709,'1480391',949,,367,10,,,0
709,'1480392',1019,,368,10,,,0
709,'1480393',1049,,369,10,,,0
709,'1480394',1119,,370,10,,,0
709,'1480395',1149,,371,10,,,0
709,'1480396',1219,,372,10,,,0
709,'1480397',1249,,373,10,,,0
709,'1480398',1319,,374,10,,,0
709,'1480399',1349,,375,10,,,0
709,'1480400',1419,,376,10,,,0
709,'1480401',1449,,377,10,,,0
709,'1480402',1519,,378,10,,,0
709,'1480403',1549,,379,10,,,0
709,'1480404',1619,,380,10,,,0
709,'1480405',1649,,381,10,,,0
709,'1480406',1719,,382,10,,,0
709,'1480407',1749,,383,10,,,0
709,'1480408',1819,,384,10,,,0
709,'1480409',1849,,385,10,,,0
709,'1480410',1919,,386,10,,,0
709,'1480411',1949,,387,10,,,0
709,'1480412',2019,,388,10,,,0
709,'1480413',2049,,389,10,,,0
709,'1480414',2119,,390,10,,,0
709,'1480415',2149,,391,10,,,0
709,'1480416',2219,,392,10,,,0
