109,'1456814',1440,,1,27,,,0
109,'1456819',1610,,2,27,,,0
109,'1456824',1840,,3,27,,,0
109,'1456829',910,,4,27,,,0
109,'1456834',940,,5,27,,,0
109,'1456836',1840,,6,27,,,0
109,'1456837',710,,7,27,,,0
109,'1456840',1810,,8,27,,,0
109,'1456877',940,,9,27,,,0
109,'1456880',640,,10,27,,,0
109,'1456889',1640,,11,27,,,0
109,'1456915',1040,,12,27,,,0
109,'1456918',1910,,13,27,,,0
109,'1456919',1640,,14,27,,,0
109,'1456920',2140,,15,27,,,0
109,'1456950',840,,16,27,,,0
109,'1456960',1210,,17,27,,,0
109,'1456962',1310,,18,27,,,0
109,'1456984',1110,,19,27,,,0
109,'1456985',2040,,20,27,,,0
109,'1457004',810,,21,27,,,0
109,'1457017',1240,,22,27,,,0
109,'1457020',1810,,23,27,,,0
109,'1457022',1340,,24,27,,,0
109,'1457029',2210,,25,27,,,0
109,'1457030',2110,,26,27,,,0
109,'1457036',1940,,27,27,,,0
109,'1457038',1510,,28,27,,,0
109,'1457041',1610,,29,27,,,0
109,'1457072',910,,30,27,,,0
109,'1457093',1540,,31,27,,,0
109,'1457107',740,,32,27,,,0
109,'1457111',1040,,33,27,,,0
109,'1457122',1010,,34,27,,,0
109,'1457126',2010,,35,27,,,0
109,'1457134',1910,,36,27,,,0
109,'1457138',1710,,37,27,,,0
109,'1457157',1140,,38,27,,,0
109,'1457178',1410,,39,27,,,0
109,'1457184',1440,,40,27,,,0
109,'1457201',1310,,41,27,,,0
109,'1457203',1210,,42,27,,,0
109,'1457208',2010,,43,27,,,0
109,'1457212',1410,,44,27,,,0
109,'1457238',1710,,45,27,,,0
109,'1457256',1140,,46,27,,,0
109,'1457268',1740,,47,27,,,0
109,'1457283',1740,,48,27,,,0
109,'1457290',2240,,49,27,,,0
109,'1457302',1540,,50,27,,,0
109,'1457309',1940,,51,27,,,0
109,'1457336',1110,,52,27,,,0
109,'1457337',1010,,53,27,,,0
109,'1457368',1240,,54,27,,,0
109,'1457373',1340,,55,27,,,0
109,'1457382',1510,,56,27,,,0
309,'1450947',2001,,594,24,0,5 6,0
309,'1492361',659,,623,24,0,5 6,0
309,'1492362',759,,624,24,0,5 6,0
309,'1492363',859,,625,24,0,5 6,0
309,'1492364',959,,626,24,0,5 6,0
309,'1492365',1059,,627,24,0,5 6,0
309,'1492366',1159,,628,24,0,5 6,0
309,'1492367',1259,,629,24,0,5 6,0
309,'1492368',1359,,630,24,0,5 6,0
309,'1492369',1459,,631,24,0,5 6,0
309,'1492370',1559,,632,24,0,5 6,0
309,'1492371',1659,,633,24,0,5 6,0
309,'1492372',1759,,634,24,0,5 6,0
309,'1492373',1859,,635,24,0,5 6,0
309,'1492374',1959,,636,24,0,5 6,0
309,'1492375',2059,,637,24,0,5 6,0
309,'1492376',2159,,638,24,0,5 6,0
309,'1492377',859,,639,24,0,5 6,0
309,'1492378',959,,640,24,0,5 6,0
309,'1492379',1059,,641,24,0,5 6,0
309,'1492380',1159,,642,24,0,5 6,0
309,'1492381',1259,,643,24,0,5 6,0
309,'1492382',1359,,644,24,0,5 6,0
309,'1492383',1459,,645,24,0,5 6,0
309,'1492384',1559,,646,24,0,5 6,0
309,'1492385',1659,,647,24,0,5 6,0
309,'1492386',1759,,648,24,0,5 6,0
309,'1492387',1859,,649,24,0,5 6,0
