409,'1474077',621,,169,9,,,0
409,'1474078',651,,170,9,,,0
409,'1474079',721,,171,9,,,0
409,'1474080',751,,172,9,,,0
409,'1474081',821,,173,9,,,0
409,'1474082',851,,174,9,,,0
409,'1474083',921,,175,9,,,0
409,'1474084',951,,176,9,,,0
409,'1474085',1021,,177,9,,,0
409,'1474086',1051,,178,9,,,0
409,'1474087',1121,,179,9,,,0
409,'1474088',1151,,180,9,,,0
409,'1474089',1221,,181,9,,,0
409,'1474090',1251,,182,9,,,0
409,'1474091',1321,,183,9,,,0
409,'1474092',1351,,184,9,,,0
409,'1474093',1421,,185,9,,,0
409,'1474094',1451,,186,9,,,0
409,'1474095',1521,,187,9,,,0
409,'1474096',1551,,188,9,,,0
409,'1474097',1621,,189,9,,,0
409,'1474098',1651,,190,9,,,0
409,'1474099',1721,,191,9,,,0
409,'1474100',1751,,192,9,,,0
409,'1474101',1821,,193,9,,,0
409,'1474102',1851,,194,9,,,0
409,'1474103',1921,,195,9,,,0
409,'1474104',1951,,196,9,,,0
409,'1474105',2021,,197,9,,,0
409,'1474106',2051,,198,9,,,0
409,'1474107',2121,,199,9,,,0
409,'1474108',2151,,200,9,,,0
409,'1474109',2221,,201,9,,,0
409,'1474110',851,,202,9,,,0
409,'1474111',921,,203,9,,,0
409,'1474112',951,,204,9,,,0
409,'1474113',1021,,205,9,,,0
409,'1474114',1051,,206,9,,,0
409,'1474115',1121,,207,9,,,0
409,'1474116',1151,,208,9,,,0
409,'1474117',1221,,209,9,,,0
409,'1474118',1251,,210,9,,,0
409,'1474119',1321,,211,9,,,0
409,'1474120',1351,,212,9,,,0
409,'1474121',1421,,213,9,,,0
409,'1474122',1451,,214,9,,,0
409,'1474123',1521,,215,9,,,0
409,'1474124',1551,,216,9,,,0
409,'1474125',1621,,217,9,,,0
409,'1474126',1651,,218,9,,,0
409,'1474127',1721,,219,9,,,0
409,'1474128',1751,,220,9,,,0
409,'1474129',1821,,221,9,,,0
409,'1474130',1851,,222,9,,,0
409,'1474131',1921,,223,9,,,0
409,'1474132',1951,,224,9,,,0
709,'1442614',720,,449,13,,,0
709,'1442622',1950,,450,13,,,0
709,'1442670',2120,,451,13,,,0
709,'1442732',2020,,452,13,,,0
709,'1442767',1620,,453,13,,,0
709,'1442817',1650,,454,13,,,0
709,'1442848',1750,,455,13,,,0
709,'1442896',750,,456,13,,,0
709,'1442972',1920,,457,13,,,0
709,'1443069',1220,,458,13,,,0
709,'1443156',620,,459,13,,,0
709,'1443162',1350,,460,13,,,0
709,'1443179',1420,,461,13,,,0
709,'1443229',1250,,462,13,,,0
709,'1443345',1820,,463,13,,,0
709,'1443404',820,,464,13,,,0
709,'1443436',1150,,465,13,,,0
709,'1443487',1120,,466,13,,,0
709,'1443532',650,,467,13,,,0
709,'1443541',920,,468,13,,,0
709,'1443550',2220,,469,13,,,0
709,'1443573',1550,,470,13,,,0
709,'1443663',1020,,471,13,,,0
709,'1443697',950,,472,13,,,0
709,'1443868',850,,473,13,,,0
709,'1443959',1050,,474,13,,,0
709,'1443993',1320,,475,13,,,0
709,'1444109',1450,,476,13,,,0
709,'1444167',2050,,477,13,,,0
709,'1444230',1850,,478,13,,,0
709,'1444467',1720,,479,13,,,0
709,'1444493',1520,,480,13,,,0
709,'1444706',2150,,481,13,,,0
709,'1471238',856,,337,13,,,0
709,'1471239',926,,338,13,,,0
709,'1471240',956,,339,13,,,0
709,'1471241',1026,,340,13,,,0
709,'1471242',1056,,341,13,,,0
709,'1471243',1126,,342,13,,,0
709,'1471244',1156,,343,13,,,0
709,'1471245',1226,,344,13,,,0
709,'1471246',1256,,345,13,,,0
709,'1471247',1326,,346,13,,,0
709,'1471248',1356,,347,13,,,0
709,'1471249',1426,,348,13,,,0
709,'1471250',1456,,349,13,,,0
709,'1471251',1526,,350,13,,,0
709,'1471252',1556,,351,13,,,0
709,'1471253',1626,,352,13,,,0
709,'1471254',1656,,353,13,,,0
709,'1471255',1726,,354,13,,,0
709,'1471256',1756,,355,13,,,0
709,'1471257',1826,,356,13,,,0
709,'1471258',1856,,357,13,,,0
709,'1471259',1926,,358,13,,,0
709,'1471260',1956,,359,13,,,0
