709,'1442614',742,,449,27,,,0
709,'1442622',2012,,450,27,,,0
709,'1442670',2142,,451,27,,,0
709,'1442732',2042,,452,27,,,0
709,'1442767',1642,,453,27,,,0
709,'1442817',1712,,454,27,,,0
709,'1442848',1812,,455,27,,,0
709,'1442896',812,,456,27,,,0
709,'1442972',1942,,457,27,,,0
709,'1443069',1242,,458,27,,,0
709,'1443156',642,,459,27,,,0
709,'1443162',1412,,460,27,,,0
709,'1443179',1442,,461,27,,,0
709,'1443229',1312,,462,27,,,0
709,'1443345',1842,,463,27,,,0
709,'1443404',842,,464,27,,,0
709,'1443436',1212,,465,27,,,0
709,'1443487',1142,,466,27,,,0
709,'1443532',712,,467,27,,,0
709,'1443541',942,,468,27,,,0
709,'1443550',2242,,469,27,,,0
709,'1443573',1612,,470,27,,,0
709,'1443663',1042,,471,27,,,0
709,'1443697',1012,,472,27,,,0
709,'1443868',912,,473,27,,,0
709,'1443959',1112,,474,27,,,0
709,'1443993',1342,,475,27,,,0
709,'1444109',1512,,476,27,,,0
709,'1444167',2112,,477,27,,,0
709,'1444230',1912,,478,27,,,0
709,'1444467',1742,,479,27,,,0
709,'1444493',1542,,480,27,,,0
709,'1444706',2212,,481,27,,,0
709,'1471238',912,,337,27,,,0
709,'1471239',942,,338,27,,,0
709,'1471240',1012,,339,27,,,0
709,'1471241',1042,,340,27,,,0
709,'1471242',1112,,341,27,,,0
709,'1471243',1142,,342,27,,,0
709,'1471244',1212,,343,27,,,0
709,'1471245',1242,,344,27,,,0
709,'1471246',1312,,345,27,,,0
709,'1471247',1342,,346,27,,,0
709,'1471248',1412,,347,27,,,0
709,'1471249',1442,,348,27,,,0
709,'1471250',1512,,349,27,,,0
709,'1471251',1542,,350,27,,,0
709,'1471252',1612,,351,27,,,0
709,'1471253',1642,,352,27,,,0
709,'1471254',1712,,353,27,,,0
709,'1471255',1742,,354,27,,,0
709,'1471256',1812,,355,27,,,0
709,'1471257',1842,,356,27,,,0
709,'1471258',1912,,357,27,,,0
709,'1471259',1942,,358,27,,,0
709,'1471260',2012,,359,27,,,0
709,'1480384',642,,360,27,,,0
709,'1480385',712,,361,27,,,0
709,'1480386',742,,362,27,,,0
709,'1480387',812,,363,27,,,0
709,'1480388',842,,364,27,,,0
709,'1480389',912,,365,27,,,0
709,'1480390',942,,366,27,,,0
709,'1480391',1012,,367,27,,,0
709,'1480392',1042,,368,27,,,0
709,'1480393',1112,,369,27,,,0
709,'1480394',1142,,370,27,,,0
709,'1480395',1212,,371,27,,,0
709,'1480396',1242,,372,27,,,0
709,'1480397',1312,,373,27,,,0
709,'1480398',1342,,374,27,,,0
709,'1480399',1412,,375,27,,,0
709,'1480400',1442,,376,27,,,0
709,'1480401',1512,,377,27,,,0
709,'1480402',1542,,378,27,,,0
709,'1480403',1612,,379,27,,,0
709,'1480404',1642,,380,27,,,0
709,'1480405',1712,,381,27,,,0
709,'1480406',1742,,382,27,,,0
709,'1480407',1812,,383,27,,,0
709,'1480408',1842,,384,27,,,0
709,'1480409',1912,,385,27,,,0
709,'1480410',1942,,386,27,,,0
709,'1480411',2012,,387,27,,,0
709,'1480412',2042,,388,27,,,0
709,'1480413',2112,,389,27,,,0
709,'1480414',2142,,390,27,,,0
709,'1480415',2212,,391,27,,,0
709,'1480416',2242,,392,27,,,0
