3019,'1442631',1136,,706,33,,,0
3019,'1442675',1436,,707,33,,,0
3019,'1442733',1136,,708,33,,,0
3019,'1442752',2036,,709,33,,,0
3019,'1443103',1836,,710,33,,,0
3019,'1443204',1036,,711,33,,,0
3019,'1443220',1536,,712,33,,,0
3019,'1443234',2236,,713,33,,,0
3019,'1443313',1936,,714,33,,,0
3019,'1443385',1236,,715,33,,,0
3019,'1443475',1736,,716,33,,,0
3019,'1443501',1636,,717,33,,,0
3019,'1443646',636,,718,33,,,0
3019,'1443682',1336,,719,33,,,0
3019,'1443691',1736,,720,33,,,0
3019,'1443873',1936,,721,33,,,0
3019,'1443914',1336,,722,33,,,0
3019,'1443932',1036,,723,33,,,0
3019,'1444023',1436,,724,33,,,0
3019,'1444126',1836,,725,33,,,0
3019,'1444142',936,,726,33,,,0
3019,'1444180',936,,727,33,,,0
3019,'1444241',1636,,728,33,,,0
3019,'1444339',2136,,729,33,,,0
3019,'1444435',1536,,730,33,,,0
3019,'1444530',836,,731,33,,,0
3019,'1444556',1236,,732,33,,,0
3019,'1444662',736,,733,33,,,0
3029,'1402545',1606,,734,32,,,0
3029,'1402556',1406,,735,32,,,0
3029,'1402591',906,,736,32,,,0
3029,'1402611',2006,,737,32,,,0
3029,'1402624',1506,,738,32,,,0
3029,'1402656',1306,,739,32,,,0
3029,'1402688',1806,,740,32,,,0
3029,'1402691',1706,,741,32,,,0
3029,'1402699',1006,,742,32,,,0
3029,'1402712',1506,,743,32,,,0
3029,'1402767',1606,,744,32,,,0
3029,'1402779',1306,,745,32,,,0
3029,'1402786',806,,746,32,,,0
3029,'1402795',1806,,747,32,,,0
3029,'1402803',1106,,748,32,,,0
3029,'1402809',706,,749,32,,,0
3029,'1402841',1006,,750,32,,,0
3029,'1402852',2206,,751,32,,,0
3029,'1402874',1906,,752,32,,,0
3029,'1402905',1106,,753,32,,,0
3029,'1402920',906,,754,32,,,0
3029,'1402929',1206,,755,32,,,0
3029,'1402937',1706,,756,32,,,0
3029,'1402949',1206,,757,32,,,0
3029,'1403010',2106,,758,32,,,0
3029,'1403018',1906,,759,32,,,0
3029,'1403044',1406,,760,32,,,0
3029,'1450947',2005,,594,32,,,0
