109,'1456814',1421,,1,8,,,0
109,'1456819',1551,,2,8,,,0
109,'1456824',1821,,3,8,,,0
109,'1456829',851,,4,8,,,0
109,'1456834',921,,5,8,,,0
109,'1456836',1821,,6,8,,,0
109,'1456837',651,,7,8,,,0
109,'1456840',1751,,8,8,,,0
109,'1456877',921,,9,8,,,0
109,'1456880',621,,10,8,,,0
109,'1456889',1621,,11,8,,,0
109,'1456915',1021,,12,8,,,0
109,'1456918',1851,,13,8,,,0
109,'1456919',1621,,14,8,,,0
109,'1456920',2121,,15,8,,,0
109,'1456950',821,,16,8,,,0
109,'1456960',1151,,17,8,,,0
109,'1456962',1251,,18,8,,,0
109,'1456984',1051,,19,8,,,0
109,'1456985',2021,,20,8,,,0
109,'1457004',751,,21,8,,,0
109,'1457017',1221,,22,8,,,0
109,'1457020',1751,,23,8,,,0
109,'1457022',1321,,24,8,,,0
109,'1457029',2151,,25,8,,,0
109,'1457030',2051,,26,8,,,0
109,'1457036',1921,,27,8,,,0
109,'1457038',1451,,28,8,,,0
109,'1457041',1551,,29,8,,,0
109,'1457072',851,,30,8,,,0
109,'1457093',1521,,31,8,,,0
109,'1457107',721,,32,8,,,0
109,'1457111',1021,,33,8,,,0
109,'1457122',951,,34,8,,,0
109,'1457126',1951,,35,8,,,0
109,'1457134',1851,,36,8,,,0
109,'1457138',1651,,37,8,,,0
109,'1457157',1121,,38,8,,,0
109,'1457178',1351,,39,8,,,0
109,'1457184',1421,,40,8,,,0
109,'1457201',1251,,41,8,,,0
109,'1457203',1151,,42,8,,,0
109,'1457208',1951,,43,8,,,0
109,'1457212',1351,,44,8,,,0
109,'1457238',1651,,45,8,,,0
109,'1457256',1121,,46,8,,,0
109,'1457268',1721,,47,8,,,0
109,'1457283',1721,,48,8,,,0
109,'1457290',2221,,49,8,,,0
109,'1457302',1521,,50,8,,,0
109,'1457309',1921,,51,8,,,0
109,'1457336',1051,,52,8,,,0
109,'1457337',951,,53,8,,,0
109,'1457368',1221,,54,8,,,0
109,'1457373',1321,,55,8,,,0
109,'1457382',1451,,56,8,,,0
