809,'1489412',630,,281,15,,,0
809,'1489413',700,,282,15,,,0
809,'1489414',730,,283,15,,,0
809,'1489415',800,,284,15,,,0
809,'1489416',830,,285,15,,,0
809,'1489417',900,,286,15,,,0
809,'1489418',930,,287,15,,,0
809,'1489419',1000,,288,15,,,0
809,'1489420',1030,,289,15,,,0
809,'1489421',1100,,290,15,,,0
809,'1489422',1130,,291,15,,,0
809,'1489423',1200,,292,15,,,0
809,'1489424',1230,,293,15,,,0
809,'1489425',1300,,294,15,,,0
809,'1489426',1330,,295,15,,,0
809,'1489427',1400,,296,15,,,0
809,'1489428',1430,,297,15,,,0
809,'1489429',1500,,298,15,,,0
809,'1489430',1530,,299,15,,,0
809,'1489431',1600,,300,15,,,0
809,'1489432',1630,,301,15,,,0
809,'1489433',1700,,302,15,,,0
809,'1489434',1730,,303,15,,,0
809,'1489435',1800,,304,15,,,0
809,'1489436',1830,,305,15,,,0
809,'1489437',1900,,306,15,,,0
809,'1489438',1930,,307,15,,,0
809,'1489439',2000,,308,15,,,0
809,'1489440',2030,,309,15,,,0
809,'1489441',2100,,310,15,,,0
809,'1489442',2130,,311,15,,,0
809,'1489443',2200,,312,15,,,0
809,'1489444',2230,,313,15,,,0
809,'1489445',900,,314,15,,,0
809,'1489446',930,,315,15,,,0
809,'1489447',1000,,316,15,,,0
809,'1489448',1030,,317,15,,,0
809,'1489449',1100,,318,15,,,0
809,'1489450',1130,,319,15,,,0
809,'1489451',1200,,320,15,,,0
809,'1489452',1230,,321,15,,,0
809,'1489453',1300,,322,15,,,0
809,'1489454',1330,,323,15,,,0
809,'1489455',1400,,324,15,,,0
809,'1489456',1430,,325,15,,,0
809,'1489457',1500,,326,15,,,0
809,'1489458',1530,,327,15,,,0
809,'1489459',1600,,328,15,,,0
809,'1489460',1630,,329,15,,,0
809,'1489461',1700,,330,15,,,0
809,'1489462',1730,,331,15,,,0
809,'1489463',1800,,332,15,,,0
809,'1489464',1830,,333,15,,,0
809,'1489465',1900,,334,15,,,0
809,'1489466',1930,,335,15,,,0
809,'1489467',2000,,336,15,,,0
