4019,'1492568',623,,761,12,,,0
4019,'1492569',653,,762,12,,,0
4019,'1492570',723,,763,12,,,0
4019,'1492571',753,,764,12,,,0
4019,'1492572',823,,765,12,,,0
4019,'1492573',853,,766,12,,,0
4019,'1492574',923,,767,12,,,0
4019,'1492575',953,,768,12,,,0
4019,'1492576',1023,,769,12,,,0
4019,'1492577',1053,,770,12,,,0
4019,'1492578',1123,,771,12,,,0
4019,'1492579',1153,,772,12,,,0
4019,'1492580',1223,,773,12,,,0
4019,'1492581',1253,,774,12,,,0
4019,'1492582',1323,,775,12,,,0
4019,'1492583',1353,,776,12,,,0
4019,'1492584',1423,,777,12,,,0
4019,'1492585',1453,,778,12,,,0
4019,'1492586',1523,,779,12,,,0
4019,'1492587',1553,,780,12,,,0
4019,'1492588',1623,,781,12,,,0
4019,'1492589',1653,,782,12,,,0
4019,'1492590',1723,,783,12,,,0
4019,'1492591',1753,,784,12,,,0
4019,'1492592',1823,,785,12,,,0
4019,'1492593',1853,,786,12,,,0
4019,'1492594',1923,,787,12,,,0
4019,'1492595',1953,,788,12,,,0
4019,'1492596',2023,,789,12,,,0
4019,'1492597',2053,,790,12,,,0
4019,'1492598',2123,,791,12,,,0
4019,'1492599',2153,,792,12,,,0
4019,'1492600',2223,,793,12,,,0
4019,'1492601',853,,794,12,,,0
4019,'1492602',923,,795,12,,,0
4019,'1492603',953,,796,12,,,0
4019,'1492604',1023,,797,12,,,0
4019,'1492605',1053,,798,12,,,0
4019,'1492606',1123,,799,12,,,0
4019,'1492607',1153,,800,12,,,0
4019,'1492608',1223,,801,12,,,0
4019,'1492609',1253,,802,12,,,0
4019,'1492610',1323,,803,12,,,0
4019,'1492611',1353,,804,12,,,0
4019,'1492612',1423,,805,12,,,0
4019,'1492613',1453,,806,12,,,0
4019,'1492614',1523,,807,12,,,0
4019,'1492615',1553,,808,12,,,0
4019,'1492616',1623,,809,12,,,0
4019,'1492617',1653,,810,12,,,0
4019,'1492618',1723,,811,12,,,0
4019,'1492619',1753,,812,12,,,0
4019,'1492620',1823,,813,12,,,0
4019,'1492621',1853,,814,12,,,0
4019,'1492622',1923,,815,12,,,0
4019,'1492623',1953,,816,12,,,0
