409,'1474077',640,,169,29,,,0
409,'1474078',710,,170,29,,,0
409,'1474079',740,,171,29,,,0
409,'1474080',810,,172,29,,,0
409,'1474081',840,,173,29,,,0
409,'1474082',910,,174,29,,,0
409,'1474083',940,,175,29,,,0
409,'1474084',1010,,176,29,,,0
409,'1474085',1040,,177,29,,,0
409,'1474086',1110,,178,29,,,0
409,'1474087',1140,,179,29,,,0
409,'1474088',1210,,180,29,,,0
409,'1474089',1240,,181,29,,,0
409,'1474090',1310,,182,29,,,0
409,'1474091',1340,,183,29,,,0
409,'1474092',1410,,184,29,,,0
409,'1474093',1440,,185,29,,,0
409,'1474094',1510,,186,29,,,0
409,'1474095',1540,,187,29,,,0
409,'1474096',1610,,188,29,,,0
409,'1474097',1640,,189,29,,,0
409,'1474098',1710,,190,29,,,0
409,'1474099',1740,,191,29,,,0
409,'1474100',1810,,192,29,,,0
409,'1474101',1840,,193,29,,,0
409,'1474102',1910,,194,29,,,0
409,'1474103',1940,,195,29,,,0
409,'1474104',2010,,196,29,,,0
409,'1474105',2040,,197,29,,,0
409,'1474106',2110,,198,29,,,0
409,'1474107',2140,,199,29,,,0
409,'1474108',2210,,200,29,,,0
409,'1474109',2240,,201,29,,,0
409,'1474110',910,,202,29,,,0
409,'1474111',940,,203,29,,,0
409,'1474112',1010,,204,29,,,0
409,'1474113',1040,,205,29,,,0
409,'1474114',1110,,206,29,,,0
409,'1474115',1140,,207,29,,,0
409,'1474116',1210,,208,29,,,0
409,'1474117',1240,,209,29,,,0
409,'1474118',1310,,210,29,,,0
409,'1474119',1340,,211,29,,,0
409,'1474120',1410,,212,29,,,0
409,'1474121',1440,,213,29,,,0
409,'1474122',1510,,214,29,,,0
409,'1474123',1540,,215,29,,,0
409,'1474124',1610,,216,29,,,0
409,'1474125',1640,,217,29,,,0
409,'1474126',1710,,218,29,,,0
409,'1474127',1740,,219,29,,,0
409,'1474128',1810,,220,29,,,0
409,'1474129',1840,,221,29,,,0
409,'1474130',1910,,222,29,,,0
409,'1474131',1940,,223,29,,,0
409,'1474132',2010,,224,29,,,0
