409,'1474077',628,,169,20,,,0
409,'1474078',658,,170,20,,,0
409,'1474079',728,,171,20,,,0
409,'1474080',758,,172,20,,,0
409,'1474081',828,,173,20,,,0
409,'1474082',858,,174,20,,,0
409,'1474083',928,,175,20,,,0
409,'1474084',958,,176,20,,,0
409,'1474085',1028,,177,20,,,0
409,'1474086',1058,,178,20,,,0
409,'1474087',1128,,179,20,,,0
409,'1474088',1158,,180,20,,,0
409,'1474089',1228,,181,20,,,0
409,'1474090',1258,,182,20,,,0
409,'1474091',1328,,183,20,,,0
409,'1474092',1358,,184,20,,,0
409,'1474093',1428,,185,20,,,0
409,'1474094',1458,,186,20,,,0
409,'1474095',1528,,187,20,,,0
409,'1474096',1558,,188,20,,,0
409,'1474097',1628,,189,20,,,0
409,'1474098',1658,,190,20,,,0
409,'1474099',1728,,191,20,,,0
409,'1474100',1758,,192,20,,,0
409,'1474101',1828,,193,20,,,0
409,'1474102',1858,,194,20,,,0
409,'1474103',1928,,195,20,,,0
409,'1474104',1958,,196,20,,,0
409,'1474105',2028,,197,20,,,0
409,'1474106',2058,,198,20,,,0
409,'1474107',2128,,199,20,,,0
409,'1474108',2158,,200,20,,,0
409,'1474109',2228,,201,20,,,0
409,'1474110',858,,202,20,,,0
409,'1474111',928,,203,20,,,0
409,'1474112',958,,204,20,,,0
409,'1474113',1028,,205,20,,,0
409,'1474114',1058,,206,20,,,0
409,'1474115',1128,,207,20,,,0
409,'1474116',1158,,208,20,,,0
409,'1474117',1228,,209,20,,,0
409,'1474118',1258,,210,20,,,0
409,'1474119',1328,,211,20,,,0
409,'1474120',1358,,212,20,,,0
409,'1474121',1428,,213,20,,,0
409,'1474122',1458,,214,20,,,0
409,'1474123',1528,,215,20,,,0
409,'1474124',1558,,216,20,,,0
409,'1474125',1628,,217,20,,,0
409,'1474126',1658,,218,20,,,0
409,'1474127',1728,,219,20,,,0
409,'1474128',1758,,220,20,,,0
409,'1474129',1828,,221,20,,,0
409,'1474130',1858,,222,20,,,0
409,'1474131',1928,,223,20,,,0
409,'1474132',1958,,224,20,,,0
