209,'1474286',626,,538,23,,,0
209,'1474287',656,,539,23,,,0
209,'1474288',726,,540,23,,,0
209,'1474289',756,,541,23,,,0
209,'1474290',826,,542,23,,,0
209,'1474291',856,,543,23,,,0
209,'1474292',926,,544,23,,,0
209,'1474293',956,,545,23,,,0
209,'1474294',1026,,546,23,,,0
209,'1474295',1056,,547,23,,,0
209,'1474296',1126,,548,23,,,0
209,'1474297',1156,,549,23,,,0
209,'1474298',1226,,550,23,,,0
209,'1474299',1256,,551,23,,,0
209,'1474300',1326,,552,23,,,0
209,'1474301',1356,,553,23,,,0
209,'1474302',1426,,554,23,,,0
209,'1474303',1456,,555,23,,,0
209,'1474304',1526,,556,23,,,0
209,'1474305',1556,,557,23,,,0
209,'1474306',1626,,558,23,,,0
209,'1474307',1656,,559,23,,,0
209,'1474308',1726,,560,23,,,0
209,'1474309',1756,,561,23,,,0
209,'1474310',1826,,562,23,,,0
209,'1474311',1856,,563,23,,,0
209,'1474312',1926,,564,23,,,0
209,'1474313',1956,,565,23,,,0
209,'1474314',2026,,566,23,,,0
209,'1474315',2056,,567,23,,,0
209,'1474316',2126,,568,23,,,0
209,'1474317',2156,,569,23,,,0
209,'1474318',2226,,570,23,,,0
209,'1474319',856,,571,23,,,0
209,'1474320',926,,572,23,,,0
209,'1474321',956,,573,23,,,0
209,'1474322',1026,,574,23,,,0
209,'1474323',1056,,575,23,,,0
209,'1474324',1126,,576,23,,,0
209,'1474325',1156,,577,23,,,0
209,'1474326',1226,,578,23,,,0
209,'1474327',1256,,579,23,,,0
209,'1474328',1326,,580,23,,,0
209,'1474329',1356,,581,23,,,0
209,'1474330',1426,,582,23,,,0
209,'1474331',1456,,583,23,,,0
209,'1474332',1526,,584,23,,,0
209,'1474333',1556,,585,23,,,0
209,'1474334',1626,,586,23,,,0
209,'1474335',1656,,587,23,,,0
209,'1474336',1726,,588,23,,,0
209,'1474337',1756,,589,23,,,0
209,'1474338',1826,,590,23,,,0
209,'1474339',1856,,591,23,,,0
209,'1474340',1926,,592,23,,,0
209,'1474341',1956,,593,23,,,0
