209,'1457470',1641,,57,42,,,0
209,'1457478',1841,,58,42,,,0
209,'1457483',1541,,59,42,,,0
209,'1457489',2241,,60,42,,,0
209,'1457510',1241,,61,42,,,0
209,'1457518',941,,62,42,,,0
209,'1457527',1711,,63,42,,,0
209,'1457529',811,,64,42,,,0
209,'1457565',641,,65,42,,,0
209,'1457573',2141,,66,42,,,0
209,'1457608',2041,,67,42,,,0
209,'1457622',1811,,68,42,,,0
209,'1457643',2211,,69,42,,,0
209,'1457651',1911,,70,42,,,0
209,'1457697',1511,,71,42,,,0
209,'1457706',1041,,72,42,,,0
209,'1457736',1341,,73,42,,,0
209,'1457789',1011,,74,42,,,0
209,'1457792',911,,75,42,,,0
209,'1457805',1611,,76,42,,,0
209,'1457813',1111,,77,42,,,0
209,'1457840',1411,,78,42,,,0
209,'1457842',2111,,79,42,,,0
209,'1457892',841,,80,42,,,0
209,'1457903',1311,,81,42,,,0
209,'1457922',1141,,82,42,,,0
209,'1457963',1741,,83,42,,,0
209,'1457979',2011,,84,42,,,0
209,'1458006',1441,,85,42,,,0
209,'1458025',711,,86,42,,,0
209,'1458029',1941,,87,42,,,0
209,'1458032',1211,,88,42,,,0
209,'1458046',741,,89,42,,,0
209,'1469168',911,,90,42,,,0
209,'1469169',941,,91,42,,,0
209,'1469170',1011,,92,42,,,0
209,'1469171',1041,,93,42,,,0
209,'1469172',1111,,94,42,,,0
209,'1469173',1141,,95,42,,,0
209,'1469174',1211,,96,42,,,0
209,'1469175',1241,,97,42,,,0
209,'1469176',1311,,98,42,,,0
209,'1469177',1341,,99,42,,,0
209,'1469178',1411,,100,42,,,0
209,'1469179',1441,,101,42,,,0
209,'1469180',1511,,102,42,,,0
209,'1469181',1541,,103,42,,,0
209,'1469182',1611,,104,42,,,0
209,'1469183',1641,,105,42,,,0
209,'1469184',1711,,106,42,,,0
209,'1469185',1741,,107,42,,,0
209,'1469186',1811,,108,42,,,0
209,'1469187',1841,,109,42,,,0
209,'1469188',1911,,110,42,,,0
209,'1469189',1941,,111,42,,,0
209,'1469190',2011,,112,42,,,0
