309,'1470829',2007,,113,35,0,5 6,0
309,'1479876',707,,114,35,0,5 6,0
309,'1479877',807,,115,35,0,5 6,0
309,'1479878',907,,116,35,0,5 6,0
309,'1479879',1007,,117,35,0,5 6,0
309,'1479880',1107,,118,35,0,5 6,0
309,'1479881',1207,,119,35,0,5 6,0
309,'1479882',1307,,120,35,0,5 6,0
309,'1479883',1407,,121,35,0,5 6,0
309,'1479884',1507,,122,35,0,5 6,0
309,'1479885',1607,,123,35,0,5 6,0
309,'1479886',1707,,124,35,0,5 6,0
309,'1479887',1807,,125,35,0,5 6,0
309,'1479888',1907,,126,35,0,5 6,0
309,'1479889',2007,,127,35,0,5 6,0
309,'1479890',2107,,128,35,0,5 6,0
309,'1479891',2207,,129,35,0,5 6,0
309,'1479892',907,,130,35,0,5 6,0
309,'1479893',1007,,131,35,0,5 6,0
309,'1479894',1107,,132,35,0,5 6,0
309,'1479895',1207,,133,35,0,5 6,0
309,'1479896',1307,,134,35,0,5 6,0
309,'1479897',1407,,135,35,0,5 6,0
309,'1479898',1507,,136,35,0,5 6,0
309,'1479899',1607,,137,35,0,5 6,0
309,'1479900',1707,,138,35,0,5 6,0
309,'1479901',1807,,139,35,0,5 6,0
309,'1479902',1907,,140,35,0,5 6,0
309,'1489542',637,,141,36,0,5 7,0
309,'1489543',737,,142,36,0,5 7,0
309,'1489544',837,,143,36,0,5 7,0
309,'1489545',937,,144,36,0,5 7,0
309,'1489546',1037,,145,36,0,5 7,0
309,'1489547',1137,,146,36,0,5 7,0
309,'1489548',1237,,147,36,0,5 7,0
309,'1489549',1337,,148,36,0,5 7,0
309,'1489550',1437,,149,36,0,5 7,0
309,'1489551',1537,,150,36,0,5 7,0
309,'1489552',1637,,151,36,0,5 7,0
309,'1489553',1737,,152,36,0,5 7,0
309,'1489554',1837,,153,36,0,5 7,0
309,'1489555',1937,,154,36,0,5 7,0
309,'1489556',2037,,155,36,0,5 7,0
309,'1489557',2137,,156,36,0,5 7,0
309,'1489558',2237,,157,36,0,5 7,0
309,'1489559',937,,158,36,0,5 7,0
309,'1489560',1037,,159,36,0,5 7,0
309,'1489561',1137,,160,36,0,5 7,0
309,'1489562',1237,,161,36,0,5 7,0
309,'1489563',1337,,162,36,0,5 7,0
309,'1489564',1437,,163,36,0,5 7,0
309,'1489565',1537,,164,36,0,5 7,0
309,'1489566',1637,,165,36,0,5 7,0
309,'1489567',1737,,166,36,0,5 7,0
309,'1489568',1837,,167,36,0,5 7,0
309,'1489569',1937,,168,36,0,5 7,0
