209,'1457470',1630,,57,31,,,0
209,'1457478',1830,,58,31,,,0
209,'1457483',1530,,59,31,,,0
209,'1457489',2230,,60,31,,,0
209,'1457510',1230,,61,31,,,0
209,'1457518',930,,62,31,,,0
209,'1457527',1700,,63,31,,,0
209,'1457529',800,,64,31,,,0
209,'1457565',630,,65,31,,,0
209,'1457573',2130,,66,31,,,0
209,'1457608',2030,,67,31,,,0
209,'1457622',1800,,68,31,,,0
209,'1457643',2200,,69,31,,,0
209,'1457651',1900,,70,31,,,0
209,'1457697',1500,,71,31,,,0
209,'1457706',1030,,72,31,,,0
209,'1457736',1330,,73,31,,,0
209,'1457789',1000,,74,31,,,0
209,'1457792',900,,75,31,,,0
209,'1457805',1600,,76,31,,,0
209,'1457813',1100,,77,31,,,0
209,'1457840',1400,,78,31,,,0
209,'1457842',2100,,79,31,,,0
209,'1457892',830,,80,31,,,0
209,'1457903',1300,,81,31,,,0
209,'1457922',1130,,82,31,,,0
209,'1457963',1730,,83,31,,,0
209,'1457979',2000,,84,31,,,0
209,'1458006',1430,,85,31,,,0
209,'1458025',700,,86,31,,,0
209,'1458029',1930,,87,31,,,0
209,'1458032',1200,,88,31,,,0
209,'1458046',730,,89,31,,,0
209,'1469168',900,,90,31,,,0
209,'1469169',930,,91,31,,,0
209,'1469170',1000,,92,31,,,0
209,'1469171',1030,,93,31,,,0
209,'1469172',1100,,94,31,,,0
209,'1469173',1130,,95,31,,,0
209,'1469174',1200,,96,31,,,0
209,'1469175',1230,,97,31,,,0
209,'1469176',1300,,98,31,,,0
209,'1469177',1330,,99,31,,,0
209,'1469178',1400,,100,31,,,0
209,'1469179',1430,,101,31,,,0
209,'1469180',1500,,102,31,,,0
209,'1469181',1530,,103,31,,,0
209,'1469182',1600,,104,31,,,0
209,'1469183',1630,,105,31,,,0
209,'1469184',1700,,106,31,,,0
209,'1469185',1730,,107,31,,,0
209,'1469186',1800,,108,31,,,0
209,'1469187',1830,,109,31,,,0
209,'1469188',1900,,110,31,,,0
209,'1469189',1930,,111,31,,,0
209,'1469190',2000,,112,31,,,0
