309,'1492333',632,,595,29,0,5 7,0
309,'1492334',732,,596,29,0,5 7,0
309,'1492335',832,,597,29,0,5 7,0
309,'1492336',932,,598,29,0,5 7,0
309,'1492337',1032,,599,29,0,5 7,0
309,'1492338',1132,,600,29,0,5 7,0
309,'1492339',1232,,601,29,0,5 7,0
309,'1492340',1332,,602,29,0,5 7,0
309,'1492341',1432,,603,29,0,5 7,0
309,'1492342',1532,,604,29,0,5 7,0
309,'1492343',1632,,605,29,0,5 7,0
309,'1492344',1732,,606,29,0,5 7,0
309,'1492345',1832,,607,29,0,5 7,0
309,'1492346',1932,,608,29,0,5 7,0
309,'1492347',2032,,609,29,0,5 7,0
309,'1492348',2132,,610,29,0,5 7,0
309,'1492349',2232,,611,29,0,5 7,0
309,'1492350',932,,612,29,0,5 7,0
309,'1492351',1032,,613,29,0,5 7,0
309,'1492352',1132,,614,29,0,5 7,0
309,'1492353',1232,,615,29,0,5 7,0
309,'1492354',1332,,616,29,0,5 7,0
309,'1492355',1432,,617,29,0,5 7,0
309,'1492356',1532,,618,29,0,5 7,0
309,'1492357',1632,,619,29,0,5 7,0
309,'1492358',1732,,620,29,0,5 7,0
309,'1492359',1832,,621,29,0,5 7,0
309,'1492360',1932,,622,29,0,5 7,0
