209,'1467963',1952,,393,13,,,0
209,'1467965',1252,,394,13,,,0
209,'1467968',1522,,395,13,,,0
209,'1467975',1022,,396,13,,,0
209,'1467991',1222,,397,13,,,0
209,'1467993',1652,,398,13,,,0
209,'1467994',852,,399,13,,,0
209,'1468003',1352,,400,13,,,0
209,'1468007',2152,,401,13,,,0
209,'1468017',922,,402,13,,,0
209,'1468027',1522,,403,13,,,0
209,'1468031',1452,,404,13,,,0
209,'1468034',1752,,405,13,,,0
209,'1468038',952,,406,13,,,0
209,'1468046',952,,407,13,,,0
209,'1468054',852,,408,13,,,0
209,'1468079',822,,409,13,,,0
209,'1468088',2022,,410,13,,,0
209,'1468109',1222,,411,13,,,0
209,'1468126',1652,,412,13,,,0
209,'1468127',752,,413,13,,,0
209,'1468129',1052,,414,13,,,0
209,'1468134',1852,,415,13,,,0
209,'1468156',1822,,416,13,,,0
209,'1468158',1722,,417,13,,,0
209,'1468169',1322,,418,13,,,0
209,'1468197',1322,,419,13,,,0
209,'1468238',1122,,420,13,,,0
209,'1468240',922,,421,13,,,0
209,'1468243',1822,,422,13,,,0
209,'1468250',1352,,423,13,,,0
209,'1468284',1122,,424,13,,,0
209,'1468288',1252,,425,13,,,0
209,'1468289',1422,,426,13,,,0
209,'1468293',1052,,427,13,,,0
209,'1468302',1152,,428,13,,,0
209,'1468306',1622,,429,13,,,0
209,'1468315',1752,,430,13,,,0
209,'1468319',2052,,431,13,,,0
209,'1468325',1922,,432,13,,,0
209,'1468342',1422,,433,13,,,0
209,'1468357',1022,,434,13,,,0
209,'1468388',622,,435,13,,,0
209,'1468398',1622,,436,13,,,0
209,'1468402',1852,,437,13,,,0
209,'1468403',2222,,438,13,,,0
209,'1468408',1722,,439,13,,,0
209,'1468420',1452,,440,13,,,0
209,'1468421',652,,441,13,,,0
209,'1468443',1552,,442,13,,,0
209,'1468446',2122,,443,13,,,0
209,'1468448',722,,444,13,,,0
209,'1468453',1152,,445,13,,,0
209,'1468457',1922,,446,13,,,0
209,'1468479',1552,,447,13,,,0
209,'1468482',1952,,448,13,,,0
