409,'1474077',629,,169,21,,,0
409,'1474078',659,,170,21,,,0
409,'1474079',729,,171,21,,,0
409,'1474080',759,,172,21,,,0
409,'1474081',829,,173,21,,,0
409,'1474082',859,,174,21,,,0
409,'1474083',929,,175,21,,,0
409,'1474084',959,,176,21,,,0
409,'1474085',1029,,177,21,,,0
409,'1474086',1059,,178,21,,,0
409,'1474087',1129,,179,21,,,0
409,'1474088',1159,,180,21,,,0
409,'1474089',1229,,181,21,,,0
409,'1474090',1259,,182,21,,,0
409,'1474091',1329,,183,21,,,0
409,'1474092',1359,,184,21,,,0
409,'1474093',1429,,185,21,,,0
409,'1474094',1459,,186,21,,,0
409,'1474095',1529,,187,21,,,0
409,'1474096',1559,,188,21,,,0
409,'1474097',1629,,189,21,,,0
409,'1474098',1659,,190,21,,,0
409,'1474099',1729,,191,21,,,0
409,'1474100',1759,,192,21,,,0
409,'1474101',1829,,193,21,,,0
409,'1474102',1859,,194,21,,,0
409,'1474103',1929,,195,21,,,0
409,'1474104',1959,,196,21,,,0
409,'1474105',2029,,197,21,,,0
409,'1474106',2059,,198,21,,,0
409,'1474107',2129,,199,21,,,0
409,'1474108',2159,,200,21,,,0
409,'1474109',2229,,201,21,,,0
409,'1474110',859,,202,21,,,0
409,'1474111',929,,203,21,,,0
409,'1474112',959,,204,21,,,0
409,'1474113',1029,,205,21,,,0
409,'1474114',1059,,206,21,,,0
409,'1474115',1129,,207,21,,,0
409,'1474116',1159,,208,21,,,0
409,'1474117',1229,,209,21,,,0
409,'1474118',1259,,210,21,,,0
409,'1474119',1329,,211,21,,,0
409,'1474120',1359,,212,21,,,0
409,'1474121',1429,,213,21,,,0
409,'1474122',1459,,214,21,,,0
409,'1474123',1529,,215,21,,,0
409,'1474124',1559,,216,21,,,0
409,'1474125',1629,,217,21,,,0
409,'1474126',1659,,218,21,,,0
409,'1474127',1729,,219,21,,,0
409,'1474128',1759,,220,21,,,0
409,'1474129',1829,,221,21,,,0
409,'1474130',1859,,222,21,,,0
409,'1474131',1929,,223,21,,,0
409,'1474132',1959,,224,21,,,0
