709,'1473149',852,,225,7,,,0
709,'1473150',922,,226,7,,,0
709,'1473151',952,,227,7,,,0
709,'1473152',1022,,228,7,,,0
709,'1473153',1052,,229,7,,,0
709,'1473154',1122,,230,7,,,0
709,'1473155',1152,,231,7,,,0
709,'1473156',1222,,232,7,,,0
709,'1473157',1252,,233,7,,,0
709,'1473158',1322,,234,7,,,0
709,'1473159',1352,,235,7,,,0
709,'1473160',1422,,236,7,,,0
709,'1473161',1452,,237,7,,,0
709,'1473162',1522,,238,7,,,0
709,'1473163',1552,,239,7,,,0
709,'1473164',1622,,240,7,,,0
709,'1473165',1652,,241,7,,,0
709,'1473166',1722,,242,7,,,0
709,'1473167',1752,,243,7,,,0
709,'1473168',1822,,244,7,,,0
709,'1473169',1852,,245,7,,,0
709,'1473170',1922,,246,7,,,0
709,'1473171',1952,,247,7,,,0
709,'1489570',618,,248,7,,,0
709,'1489571',648,,249,7,,,0
709,'1489572',718,,250,7,,,0
709,'1489573',748,,251,7,,,0
709,'1489574',818,,252,7,,,0
709,'1489575',848,,253,7,,,0
709,'1489576',918,,254,7,,,0
709,'1489577',948,,255,7,,,0
709,'1489578',1018,,256,7,,,0
709,'1489579',1048,,257,7,,,0
709,'1489580',1118,,258,7,,,0
709,'1489581',1148,,259,7,,,0
709,'1489582',1218,,260,7,,,0
709,'1489583',1248,,261,7,,,0
709,'1489584',1318,,262,7,,,0
709,'1489585',1348,,263,7,,,0
709,'1489586',1418,,264,7,,,0
709,'1489587',1448,,265,7,,,0
709,'1489588',1518,,266,7,,,0
709,'1489589',1548,,267,7,,,0
709,'1489590',1618,,268,7,,,0
709,'1489591',1648,,269,7,,,0
709,'1489592',1718,,270,7,,,0
709,'1489593',1748,,271,7,,,0
709,'1489594',1818,,272,7,,,0
709,'1489595',1848,,273,7,,,0
709,'1489596',1918,,274,7,,,0
709,'1489597',1948,,275,7,,,0
709,'1489598',2018,,276,7,,,0
709,'1489599',2048,,277,7,,,0
709,'1489600',2118,,278,7,,,0
709,'1489601',2148,,279,7,,,0
709,'1489602',2218,,280,7,,,0
