309,'1492333',628,,595,21,0,5 7,0
309,'1492334',728,,596,21,0,5 7,0
309,'1492335',828,,597,21,0,5 7,0
309,'1492336',928,,598,21,0,5 7,0
309,'1492337',1028,,599,21,0,5 7,0
309,'1492338',1128,,600,21,0,5 7,0
309,'1492339',1228,,601,21,0,5 7,0
309,'1492340',1328,,602,21,0,5 7,0
309,'1492341',1428,,603,21,0,5 7,0
309,'1492342',1528,,604,21,0,5 7,0
309,'1492343',1628,,605,21,0,5 7,0
309,'1492344',1728,,606,21,0,5 7,0
309,'1492345',1828,,607,21,0,5 7,0
309,'1492346',1928,,608,21,0,5 7,0
309,'1492347',2028,,609,21,0,5 7,0
309,'1492348',2128,,610,21,0,5 7,0
309,'1492349',2228,,611,21,0,5 7,0
309,'1492350',928,,612,21,0,5 7,0
309,'1492351',1028,,613,21,0,5 7,0
309,'1492352',1128,,614,21,0,5 7,0
309,'1492353',1228,,615,21,0,5 7,0
309,'1492354',1328,,616,21,0,5 7,0
309,'1492355',1428,,617,21,0,5 7,0
309,'1492356',1528,,618,21,0,5 7,0
309,'1492357',1628,,619,21,0,5 7,0
309,'1492358',1728,,620,21,0,5 7,0
309,'1492359',1828,,621,21,0,5 7,0
309,'1492360',1928,,622,21,0,5 7,0
