309,'1470829',2004,,113,31,0,5 6,0
309,'1479876',704,,114,31,0,5 6,0
309,'1479877',804,,115,31,0,5 6,0
309,'1479878',904,,116,31,0,5 6,0
309,'1479879',1004,,117,31,0,5 6,0
309,'1479880',1104,,118,31,0,5 6,0
309,'1479881',1204,,119,31,0,5 6,0
309,'1479882',1304,,120,31,0,5 6,0
309,'1479883',1404,,121,31,0,5 6,0
309,'1479884',1504,,122,31,0,5 6,0
309,'1479885',1604,,123,31,0,5 6,0
309,'1479886',1704,,124,31,0,5 6,0
309,'1479887',1804,,125,31,0,5 6,0
309,'1479888',1904,,126,31,0,5 6,0
309,'1479889',2004,,127,31,0,5 6,0
309,'1479890',2104,,128,31,0,5 6,0
309,'1479891',2204,,129,31,0,5 6,0
309,'1479892',904,,130,31,0,5 6,0
309,'1479893',1004,,131,31,0,5 6,0
309,'1479894',1104,,132,31,0,5 6,0
309,'1479895',1204,,133,31,0,5 6,0
309,'1479896',1304,,134,31,0,5 6,0
309,'1479897',1404,,135,31,0,5 6,0
309,'1479898',1504,,136,31,0,5 6,0
309,'1479899',1604,,137,31,0,5 6,0
309,'1479900',1704,,138,31,0,5 6,0
309,'1479901',1804,,139,31,0,5 6,0
309,'1479902',1904,,140,31,0,5 6,0
