309,'1470829',1950,,113,12,0,5 6,0
309,'1479876',650,,114,12,0,5 6,0
309,'1479877',750,,115,12,0,5 6,0
309,'1479878',850,,116,12,0,5 6,0
309,'1479879',950,,117,12,0,5 6,0
309,'1479880',1050,,118,12,0,5 6,0
309,'1479881',1150,,119,12,0,5 6,0
309,'1479882',1250,,120,12,0,5 6,0
309,'1479883',1350,,121,12,0,5 6,0
309,'1479884',1450,,122,12,0,5 6,0
309,'1479885',1550,,123,12,0,5 6,0
309,'1479886',1650,,124,12,0,5 6,0
309,'1479887',1750,,125,12,0,5 6,0
309,'1479888',1850,,126,12,0,5 6,0
309,'1479889',1950,,127,12,0,5 6,0
309,'1479890',2050,,128,12,0,5 6,0
309,'1479891',2150,,129,12,0,5 6,0
309,'1479892',850,,130,12,0,5 6,0
309,'1479893',950,,131,12,0,5 6,0
309,'1479894',1050,,132,12,0,5 6,0
309,'1479895',1150,,133,12,0,5 6,0
309,'1479896',1250,,134,12,0,5 6,0
309,'1479897',1350,,135,12,0,5 6,0
309,'1479898',1450,,136,12,0,5 6,0
309,'1479899',1550,,137,12,0,5 6,0
309,'1479900',1650,,138,12,0,5 6,0
309,'1479901',1750,,139,12,0,5 6,0
309,'1479902',1850,,140,12,0,5 6,0
309,'1489542',620,,141,12,0,5 7,0
309,'1489543',720,,142,12,0,5 7,0
309,'1489544',820,,143,12,0,5 7,0
309,'1489545',920,,144,12,0,5 7,0
309,'1489546',1020,,145,12,0,5 7,0
309,'1489547',1120,,146,12,0,5 7,0
309,'1489548',1220,,147,12,0,5 7,0
309,'1489549',1320,,148,12,0,5 7,0
309,'1489550',1420,,149,12,0,5 7,0
309,'1489551',1520,,150,12,0,5 7,0
309,'1489552',1620,,151,12,0,5 7,0
309,'1489553',1720,,152,12,0,5 7,0
309,'1489554',1820,,153,12,0,5 7,0
309,'1489555',1920,,154,12,0,5 7,0
309,'1489556',2020,,155,12,0,5 7,0
309,'1489557',2120,,156,12,0,5 7,0
309,'1489558',2220,,157,12,0,5 7,0
309,'1489559',920,,158,12,0,5 7,0
309,'1489560',1020,,159,12,0,5 7,0
309,'1489561',1120,,160,12,0,5 7,0
309,'1489562',1220,,161,12,0,5 7,0
309,'1489563',1320,,162,12,0,5 7,0
309,'1489564',1420,,163,12,0,5 7,0
309,'1489565',1520,,164,12,0,5 7,0
309,'1489566',1620,,165,12,0,5 7,0
309,'1489567',1720,,166,12,0,5 7,0
309,'1489568',1820,,167,12,0,5 7,0
309,'1489569',1920,,168,12,0,5 7,0
