209,'1457470',1620,,57,3,,,0
209,'1457478',1820,,58,3,,,0
209,'1457483',1520,,59,3,,,0
209,'1457489',2220,,60,3,,,0
209,'1457510',1220,,61,3,,,0
209,'1457518',920,,62,3,,,0
209,'1457527',1650,,63,3,,,0
209,'1457529',750,,64,3,,,0
209,'1457565',620,,65,3,,,0
209,'1457573',2120,,66,3,,,0
209,'1457608',2020,,67,3,,,0
209,'1457622',1750,,68,3,,,0
209,'1457643',2150,,69,3,,,0
209,'1457651',1850,,70,3,,,0
209,'1457697',1450,,71,3,,,0
209,'1457706',1020,,72,3,,,0
209,'1457736',1320,,73,3,,,0
209,'1457789',950,,74,3,,,0
209,'1457792',850,,75,3,,,0
209,'1457805',1550,,76,3,,,0
209,'1457813',1050,,77,3,,,0
209,'1457840',1350,,78,3,,,0
209,'1457842',2050,,79,3,,,0
209,'1457892',820,,80,3,,,0
209,'1457903',1250,,81,3,,,0
209,'1457922',1120,,82,3,,,0
209,'1457963',1720,,83,3,,,0
209,'1457979',1950,,84,3,,,0
209,'1458006',1420,,85,3,,,0
209,'1458025',650,,86,3,,,0
209,'1458029',1920,,87,3,,,0
209,'1458032',1150,,88,3,,,0
209,'1458046',720,,89,3,,,0
209,'1469168',850,,90,3,,,0
209,'1469169',920,,91,3,,,0
209,'1469170',950,,92,3,,,0
209,'1469171',1020,,93,3,,,0
209,'1469172',1050,,94,3,,,0
209,'1469173',1120,,95,3,,,0
209,'1469174',1150,,96,3,,,0
209,'1469175',1220,,97,3,,,0
209,'1469176',1250,,98,3,,,0
209,'1469177',1320,,99,3,,,0
209,'1469178',1350,,100,3,,,0
209,'1469179',1420,,101,3,,,0
209,'1469180',1450,,102,3,,,0
209,'1469181',1520,,103,3,,,0
209,'1469182',1550,,104,3,,,0
209,'1469183',1620,,105,3,,,0
209,'1469184',1650,,106,3,,,0
209,'1469185',1720,,107,3,,,0
209,'1469186',1750,,108,3,,,0
209,'1469187',1820,,109,3,,,0
209,'1469188',1850,,110,3,,,0
209,'1469189',1920,,111,3,,,0
209,'1469190',1950,,112,3,,,0
