709,'1473149',845,,225,1,,,0,70,,225,29,4,,0
709,'1473150',915,,226,1,,,0,30,,226,29,4,,0
709,'1473151',945,,227,1,,,0,70,,227,29,4,,0
709,'1473152',1015,,228,1,,,0,30,,228,29,4,,0
709,'1473153',1045,,229,1,,,0,70,,229,29,4,,0
709,'1473154',1115,,230,1,,,0,30,,230,29,4,,0
709,'1473155',1145,,231,1,,,0,70,,231,29,4,,0
709,'1473156',1215,,232,1,,,0,30,,232,29,4,,0
709,'1473157',1245,,233,1,,,0,70,,233,29,4,,0
709,'1473158',1315,,234,1,,,0,30,,234,29,4,,0
709,'1473159',1345,,235,1,,,0,70,,235,29,4,,0
709,'1473160',1415,,236,1,,,0,30,,236,29,4,,0
709,'1473161',1445,,237,1,,,0,70,,237,29,4,,0
709,'1473162',1515,,238,1,,,0,30,,238,29,4,,0
709,'1473163',1545,,239,1,,,0,70,,239,29,4,,0
709,'1473164',1615,,240,1,,,0,30,,240,29,4,,0
709,'1473165',1645,,241,1,,,0,70,,241,29,4,,0
709,'1473166',1715,,242,1,,,0,30,,242,29,4,,0
709,'1473167',1745,,243,1,,,0,70,,243,29,4,,0
709,'1473168',1815,,244,1,,,0,30,,244,29,4,,0
709,'1473169',1845,,245,1,,,0,70,,245,29,4,,0
709,'1473170',1915,,246,1,,,0,30,,246,29,4,,0
709,'1473171',1945,,247,1,,,0,70,,247,29,4,,0
709,'1489570',615,,248,1,,,0,30,,248,29,4,,0
709,'1489571',645,,249,1,,,0,70,,249,29,4,,0
709,'1489572',715,,250,1,,,0,30,,250,29,4,,0
709,'1489573',745,,251,1,,,0,70,,251,29,4,,0
709,'1489574',815,,252,1,,,0,30,,252,29,4,,0
709,'1489575',845,,253,1,,,0,70,,253,29,4,,0
709,'1489576',915,,254,1,,,0,30,,254,29,4,,0
709,'1489577',945,,255,1,,,0,70,,255,29,4,,0
709,'1489578',1015,,256,1,,,0,30,,256,29,4,,0
709,'1489579',1045,,257,1,,,0,70,,257,29,4,,0
709,'1489580',1115,,258,1,,,0,30,,258,29,4,,0
709,'1489581',1145,,259,1,,,0,70,,259,29,4,,0
709,'1489582',1215,,260,1,,,0,30,,260,29,4,,0
709,'1489583',1245,,261,1,,,0,70,,261,29,4,,0
709,'1489584',1315,,262,1,,,0,30,,262,29,4,,0
709,'1489585',1345,,263,1,,,0,70,,263,29,4,,0
709,'1489586',1415,,264,1,,,0,30,,264,29,4,,0
709,'1489587',1445,,265,1,,,0,70,,265,29,4,,0
709,'1489588',1515,,266,1,,,0,30,,266,29,4,,0
709,'1489589',1545,,267,1,,,0,70,,267,29,4,,0
709,'1489590',1615,,268,1,,,0,30,,268,29,4,,0
709,'1489591',1645,,269,1,,,0,70,,269,29,4,,0
709,'1489592',1715,,270,1,,,0,30,,270,29,4,,0
709,'1489593',1745,,271,1,,,0,70,,271,29,4,,0
709,'1489594',1815,,272,1,,,0,30,,272,29,4,,0
709,'1489595',1845,,273,1,,,0,70,,273,29,4,,0
709,'1489596',1915,,274,1,,,0,30,,274,29,4,,0
709,'1489597',1945,,275,1,,,0,70,,275,29,4,,0
709,'1489598',2015,,276,1,,,0,30,,276,29,4,,0
709,'1489599',2045,,277,1,,,0,70,,277,29,4,,0
709,'1489600',2115,,278,1,,,0,30,,278,29,4,,0
709,'1489601',2145,,279,1,,,0,70,,279,29,4,,0
709,'1489602',2215,,280,1,,,0,30,,280,29,4,,0
