4019,'1492568',640,,761,31,,,0
4019,'1492569',710,,762,31,,,0
4019,'1492570',740,,763,31,,,0
4019,'1492571',810,,764,31,,,0
4019,'1492572',840,,765,31,,,0
4019,'1492573',910,,766,31,,,0
4019,'1492574',940,,767,31,,,0
4019,'1492575',1010,,768,31,,,0
4019,'1492576',1040,,769,31,,,0
4019,'1492577',1110,,770,31,,,0
4019,'1492578',1140,,771,31,,,0
4019,'1492579',1210,,772,31,,,0
4019,'1492580',1240,,773,31,,,0
4019,'1492581',1310,,774,31,,,0
4019,'1492582',1340,,775,31,,,0
4019,'1492583',1410,,776,31,,,0
4019,'1492584',1440,,777,31,,,0
4019,'1492585',1510,,778,31,,,0
4019,'1492586',1540,,779,31,,,0
4019,'1492587',1610,,780,31,,,0
4019,'1492588',1640,,781,31,,,0
4019,'1492589',1710,,782,31,,,0
4019,'1492590',1740,,783,31,,,0
4019,'1492591',1810,,784,31,,,0
4019,'1492592',1840,,785,31,,,0
4019,'1492593',1910,,786,31,,,0
4019,'1492594',1940,,787,31,,,0
4019,'1492595',2010,,788,31,,,0
4019,'1492596',2040,,789,31,,,0
4019,'1492597',2110,,790,31,,,0
4019,'1492598',2140,,791,31,,,0
4019,'1492599',2210,,792,31,,,0
4019,'1492600',2240,,793,31,,,0
4019,'1492601',910,,794,31,,,0
4019,'1492602',940,,795,31,,,0
4019,'1492603',1010,,796,31,,,0
4019,'1492604',1040,,797,31,,,0
4019,'1492605',1110,,798,31,,,0
4019,'1492606',1140,,799,31,,,0
4019,'1492607',1210,,800,31,,,0
4019,'1492608',1240,,801,31,,,0
4019,'1492609',1310,,802,31,,,0
4019,'1492610',1340,,803,31,,,0
4019,'1492611',1410,,804,31,,,0
4019,'1492612',1440,,805,31,,,0
4019,'1492613',1510,,806,31,,,0
4019,'1492614',1540,,807,31,,,0
4019,'1492615',1610,,808,31,,,0
4019,'1492616',1640,,809,31,,,0
4019,'1492617',1710,,810,31,,,0
4019,'1492618',1740,,811,31,,,0
4019,'1492619',1810,,812,31,,,0
4019,'1492620',1840,,813,31,,,0
4019,'1492621',1910,,814,31,,,0
4019,'1492622',1940,,815,31,,,0
4019,'1492623',2010,,816,31,,,0
