8019,'1489412',617,,281,4,,,0
8019,'1489413',647,,282,4,,,0
8019,'1489414',717,,283,4,,,0
8019,'1489415',747,,284,4,,,0
8019,'1489416',817,,285,4,,,0
8019,'1489417',847,,286,4,,,0
8019,'1489418',917,,287,4,,,0
8019,'1489419',947,,288,4,,,0
8019,'1489420',1017,,289,4,,,0
8019,'1489421',1047,,290,4,,,0
8019,'1489422',1117,,291,4,,,0
8019,'1489423',1147,,292,4,,,0
8019,'1489424',1217,,293,4,,,0
8019,'1489425',1247,,294,4,,,0
8019,'1489426',1317,,295,4,,,0
8019,'1489427',1347,,296,4,,,0
8019,'1489428',1417,,297,4,,,0
8019,'1489429',1447,,298,4,,,0
8019,'1489430',1517,,299,4,,,0
8019,'1489431',1547,,300,4,,,0
8019,'1489432',1617,,301,4,,,0
8019,'1489433',1647,,302,4,,,0
8019,'1489434',1717,,303,4,,,0
8019,'1489435',1747,,304,4,,,0
8019,'1489436',1817,,305,4,,,0
8019,'1489437',1847,,306,4,,,0
8019,'1489438',1917,,307,4,,,0
8019,'1489439',1947,,308,4,,,0
8019,'1489440',2017,,309,4,,,0
8019,'1489441',2047,,310,4,,,0
8019,'1489442',2117,,311,4,,,0
8019,'1489443',2147,,312,4,,,0
8019,'1489444',2217,,313,4,,,0
8019,'1489445',847,,314,4,,,0
8019,'1489446',917,,315,4,,,0
8019,'1489447',947,,316,4,,,0
8019,'1489448',1017,,317,4,,,0
8019,'1489449',1047,,318,4,,,0
8019,'1489450',1117,,319,4,,,0
8019,'1489451',1147,,320,4,,,0
8019,'1489452',1217,,321,4,,,0
8019,'1489453',1247,,322,4,,,0
8019,'1489454',1317,,323,4,,,0
8019,'1489455',1347,,324,4,,,0
8019,'1489456',1417,,325,4,,,0
8019,'1489457',1447,,326,4,,,0
8019,'1489458',1517,,327,4,,,0
8019,'1489459',1547,,328,4,,,0
8019,'1489460',1617,,329,4,,,0
8019,'1489461',1647,,330,4,,,0
8019,'1489462',1717,,331,4,,,0
8019,'1489463',1747,,332,4,,,0
8019,'1489464',1817,,333,4,,,0
8019,'1489465',1847,,334,4,,,0
8019,'1489466',1917,,335,4,,,0
8019,'1489467',1947,,336,4,,,0
