1,109,'1456814',1
1,109,'1456819',2
1,109,'1456824',3
1,109,'1456829',4
1,109,'1456834',5
1,109,'1456836',6
1,109,'1456837',7
1,109,'1456840',8
1,109,'1456877',9
1,109,'1456880',10
1,109,'1456889',11
1,109,'1456915',12
1,109,'1456918',13
1,109,'1456919',14
1,109,'1456920',15
1,109,'1456950',16
1,109,'1456960',17
1,109,'1456962',18
1,109,'1456984',19
1,109,'1456985',20
1,109,'1457004',21
1,109,'1457017',22
1,109,'1457020',23
1,109,'1457022',24
1,109,'1457029',25
1,109,'1457030',26
1,109,'1457036',27
1,109,'1457038',28
1,109,'1457041',29
1,109,'1457072',30
1,109,'1457093',31
1,109,'1457107',32
1,109,'1457111',33
1,109,'1457122',34
1,109,'1457126',35
1,109,'1457134',36
1,109,'1457138',37
1,109,'1457157',38
1,109,'1457178',39
1,109,'1457184',40
1,109,'1457201',41
1,109,'1457203',42
1,109,'1457208',43
1,109,'1457212',44
1,109,'1457238',45
1,109,'1457256',46
1,109,'1457268',47
1,109,'1457283',48
1,109,'1457290',49
1,109,'1457302',50
1,109,'1457309',51
1,109,'1457336',52
1,109,'1457337',53
1,109,'1457368',54
1,109,'1457373',55
1,109,'1457382',56
2,209,'1474286',538
2,209,'1474287',539
2,209,'1474288',540
2,209,'1474289',541
2,209,'1474290',542
2,209,'1474291',543
2,209,'1474292',544
2,209,'1474293',545
2,209,'1474294',546
2,209,'1474295',547
2,209,'1474296',548
2,209,'1474297',549
2,209,'1474298',550
2,209,'1474299',551
2,209,'1474300',552
2,209,'1474301',553
2,209,'1474302',554
2,209,'1474303',555
2,209,'1474304',556
2,209,'1474305',557
2,209,'1474306',558
2,209,'1474307',559
2,209,'1474308',560
2,209,'1474309',561
2,209,'1474310',562
2,209,'1474311',563
2,209,'1474312',564
2,209,'1474313',565
2,209,'1474314',566
2,209,'1474315',567
2,209,'1474316',568
2,209,'1474317',569
2,209,'1474318',570
2,209,'1474319',571
2,209,'1474320',572
2,209,'1474321',573
2,209,'1474322',574
2,209,'1474323',575
2,209,'1474324',576
2,209,'1474325',577
2,209,'1474326',578
2,209,'1474327',579
2,209,'1474328',580
2,209,'1474329',581
2,209,'1474330',582
2,209,'1474331',583
2,209,'1474332',584
2,209,'1474333',585
2,209,'1474334',586
2,209,'1474335',587
2,209,'1474336',588
2,209,'1474337',589
2,209,'1474338',590
2,209,'1474339',591
2,209,'1474340',592
2,209,'1474341',593
3,309,'1450947',594
3,309,'1492333',595
3,309,'1492334',596
3,309,'1492335',597
3,309,'1492336',598
3,309,'1492337',599
3,309,'1492338',600
3,309,'1492339',601
3,309,'1492340',602
3,309,'1492341',603
3,309,'1492342',604
3,309,'1492343',605
3,309,'1492344',606
3,309,'1492345',607
3,309,'1492346',608
3,309,'1492347',609
3,309,'1492348',610
3,309,'1492349',611
3,309,'1492350',612
3,309,'1492351',613
3,309,'1492352',614
3,309,'1492353',615
3,309,'1492354',616
3,309,'1492355',617
3,309,'1492356',618
3,309,'1492357',619
3,309,'1492358',620
3,309,'1492359',621
3,309,'1492360',622
3,309,'1492361',623
3,309,'1492362',624
3,309,'1492363',625
3,309,'1492364',626
3,309,'1492365',627
3,309,'1492366',628
3,309,'1492367',629
3,309,'1492368',630
3,309,'1492369',631
3,309,'1492370',632
3,309,'1492371',633
3,309,'1492372',634
3,309,'1492373',635
3,309,'1492374',636
3,309,'1492375',637
3,309,'1492376',638
3,309,'1492377',639
3,309,'1492378',640
3,309,'1492379',641
3,309,'1492380',642
3,309,'1492381',643
3,309,'1492382',644
3,309,'1492383',645
3,309,'1492384',646
3,309,'1492385',647
3,309,'1492386',648
3,309,'1492387',649
4,409,'1474077',169
4,409,'1474078',170
4,409,'1474079',171
4,409,'1474080',172
4,409,'1474081',173
4,409,'1474082',174
4,409,'1474083',175
4,409,'1474084',176
4,409,'1474085',177
4,409,'1474086',178
4,409,'1474087',179
4,409,'1474088',180
4,409,'1474089',181
4,409,'1474090',182
4,409,'1474091',183
4,409,'1474092',184
4,409,'1474093',185
4,409,'1474094',186
4,409,'1474095',187
4,409,'1474096',188
4,409,'1474097',189
4,409,'1474098',190
4,409,'1474099',191
4,409,'1474100',192
4,409,'1474101',193
4,409,'1474102',194
4,409,'1474103',195
4,409,'1474104',196
4,409,'1474105',197
4,409,'1474106',198
4,409,'1474107',199
4,409,'1474108',200
4,409,'1474109',201
4,409,'1474110',202
4,409,'1474111',203
4,409,'1474112',204
4,409,'1474113',205
4,409,'1474114',206
4,409,'1474115',207
4,409,'1474116',208
4,409,'1474117',209
4,409,'1474118',210
4,409,'1474119',211
4,409,'1474120',212
4,409,'1474121',213
4,409,'1474122',214
4,409,'1474123',215
4,409,'1474124',216
4,409,'1474125',217
4,409,'1474126',218
4,409,'1474127',219
4,409,'1474128',220
4,409,'1474129',221
4,409,'1474130',222
4,409,'1474131',223
4,409,'1474132',224
7,709,'1442614',449
7,709,'1442622',450
7,709,'1442670',451
7,709,'1442732',452
7,709,'1442767',453
7,709,'1442817',454
7,709,'1442848',455
7,709,'1442896',456
7,709,'1442972',457
7,709,'1443069',458
7,709,'1443156',459
7,709,'1443162',460
7,709,'1443179',461
7,709,'1443229',462
7,709,'1443345',463
7,709,'1443404',464
7,709,'1443436',465
7,709,'1443487',466
7,709,'1443532',467
7,709,'1443541',468
7,709,'1443550',469
7,709,'1443573',470
7,709,'1443663',471
7,709,'1443697',472
7,709,'1443868',473
7,709,'1443959',474
7,709,'1443993',475
7,709,'1444109',476
7,709,'1444167',477
7,709,'1444230',478
7,709,'1444467',479
7,709,'1444493',480
7,709,'1444706',481
7,709,'1471238',337
7,709,'1471239',338
7,709,'1471240',339
7,709,'1471241',340
7,709,'1471242',341
7,709,'1471243',342
7,709,'1471244',343
7,709,'1471245',344
7,709,'1471246',345
7,709,'1471247',346
7,709,'1471248',347
7,709,'1471249',348
7,709,'1471250',349
7,709,'1471251',350
7,709,'1471252',351
7,709,'1471253',352
7,709,'1471254',353
7,709,'1471255',354
7,709,'1471256',355
7,709,'1471257',356
7,709,'1471258',357
7,709,'1471259',358
7,709,'1471260',359
8,809,'1489412',281
8,809,'1489413',282
8,809,'1489414',283
8,809,'1489415',284
8,809,'1489416',285
8,809,'1489417',286
8,809,'1489418',287
8,809,'1489419',288
8,809,'1489420',289
8,809,'1489421',290
8,809,'1489422',291
8,809,'1489423',292
8,809,'1489424',293
8,809,'1489425',294
8,809,'1489426',295
8,809,'1489427',296
8,809,'1489428',297
8,809,'1489429',298
8,809,'1489430',299
8,809,'1489431',300
8,809,'1489432',301
8,809,'1489433',302
8,809,'1489434',303
8,809,'1489435',304
8,809,'1489436',305
8,809,'1489437',306
8,809,'1489438',307
8,809,'1489439',308
8,809,'1489440',309
8,809,'1489441',310
8,809,'1489442',311
8,809,'1489443',312
8,809,'1489444',313
8,809,'1489445',314
8,809,'1489446',315
8,809,'1489447',316
8,809,'1489448',317
8,809,'1489449',318
8,809,'1489450',319
8,809,'1489451',320
8,809,'1489452',321
8,809,'1489453',322
8,809,'1489454',323
8,809,'1489455',324
8,809,'1489456',325
8,809,'1489457',326
8,809,'1489458',327
8,809,'1489459',328
8,809,'1489460',329
8,809,'1489461',330
8,809,'1489462',331
8,809,'1489463',332
8,809,'1489464',333
8,809,'1489465',334
8,809,'1489466',335
8,809,'1489467',336
