709,'1473149',903,,225,21,,,0
709,'1473150',933,,226,21,,,0
709,'1473151',1003,,227,21,,,0
709,'1473152',1033,,228,21,,,0
709,'1473153',1103,,229,21,,,0
709,'1473154',1133,,230,21,,,0
709,'1473155',1203,,231,21,,,0
709,'1473156',1233,,232,21,,,0
709,'1473157',1303,,233,21,,,0
709,'1473158',1333,,234,21,,,0
709,'1473159',1403,,235,21,,,0
709,'1473160',1433,,236,21,,,0
709,'1473161',1503,,237,21,,,0
709,'1473162',1533,,238,21,,,0
709,'1473163',1603,,239,21,,,0
709,'1473164',1633,,240,21,,,0
709,'1473165',1703,,241,21,,,0
709,'1473166',1733,,242,21,,,0
709,'1473167',1803,,243,21,,,0
709,'1473168',1833,,244,21,,,0
709,'1473169',1903,,245,21,,,0
709,'1473170',1933,,246,21,,,0
709,'1473171',2003,,247,21,,,0
709,'1489570',631,,248,21,,,0
709,'1489571',701,,249,21,,,0
709,'1489572',731,,250,21,,,0
709,'1489573',801,,251,21,,,0
709,'1489574',831,,252,21,,,0
709,'1489575',901,,253,21,,,0
709,'1489576',931,,254,21,,,0
709,'1489577',1001,,255,21,,,0
709,'1489578',1031,,256,21,,,0
709,'1489579',1101,,257,21,,,0
709,'1489580',1131,,258,21,,,0
709,'1489581',1201,,259,21,,,0
709,'1489582',1231,,260,21,,,0
709,'1489583',1301,,261,21,,,0
709,'1489584',1331,,262,21,,,0
709,'1489585',1401,,263,21,,,0
709,'1489586',1431,,264,21,,,0
709,'1489587',1501,,265,21,,,0
709,'1489588',1531,,266,21,,,0
709,'1489589',1601,,267,21,,,0
709,'1489590',1631,,268,21,,,0
709,'1489591',1701,,269,21,,,0
709,'1489592',1731,,270,21,,,0
709,'1489593',1801,,271,21,,,0
709,'1489594',1831,,272,21,,,0
709,'1489595',1901,,273,21,,,0
709,'1489596',1931,,274,21,,,0
709,'1489597',2001,,275,21,,,0
709,'1489598',2031,,276,21,,,0
709,'1489599',2101,,277,21,,,0
709,'1489600',2131,,278,21,,,0
709,'1489601',2201,,279,21,,,0
709,'1489602',2231,,280,21,,,0
