409,'1474077',620,,169,6,,,0
409,'1474078',650,,170,6,,,0
409,'1474079',720,,171,6,,,0
409,'1474080',750,,172,6,,,0
409,'1474081',820,,173,6,,,0
409,'1474082',850,,174,6,,,0
409,'1474083',920,,175,6,,,0
409,'1474084',950,,176,6,,,0
409,'1474085',1020,,177,6,,,0
409,'1474086',1050,,178,6,,,0
409,'1474087',1120,,179,6,,,0
409,'1474088',1150,,180,6,,,0
409,'1474089',1220,,181,6,,,0
409,'1474090',1250,,182,6,,,0
409,'1474091',1320,,183,6,,,0
409,'1474092',1350,,184,6,,,0
409,'1474093',1420,,185,6,,,0
409,'1474094',1450,,186,6,,,0
409,'1474095',1520,,187,6,,,0
409,'1474096',1550,,188,6,,,0
409,'1474097',1620,,189,6,,,0
409,'1474098',1650,,190,6,,,0
409,'1474099',1720,,191,6,,,0
409,'1474100',1750,,192,6,,,0
409,'1474101',1820,,193,6,,,0
409,'1474102',1850,,194,6,,,0
409,'1474103',1920,,195,6,,,0
409,'1474104',1950,,196,6,,,0
409,'1474105',2020,,197,6,,,0
409,'1474106',2050,,198,6,,,0
409,'1474107',2120,,199,6,,,0
409,'1474108',2150,,200,6,,,0
409,'1474109',2220,,201,6,,,0
409,'1474110',850,,202,6,,,0
409,'1474111',920,,203,6,,,0
409,'1474112',950,,204,6,,,0
409,'1474113',1020,,205,6,,,0
409,'1474114',1050,,206,6,,,0
409,'1474115',1120,,207,6,,,0
409,'1474116',1150,,208,6,,,0
409,'1474117',1220,,209,6,,,0
409,'1474118',1250,,210,6,,,0
409,'1474119',1320,,211,6,,,0
409,'1474120',1350,,212,6,,,0
409,'1474121',1420,,213,6,,,0
409,'1474122',1450,,214,6,,,0
409,'1474123',1520,,215,6,,,0
409,'1474124',1550,,216,6,,,0
409,'1474125',1620,,217,6,,,0
409,'1474126',1650,,218,6,,,0
409,'1474127',1720,,219,6,,,0
409,'1474128',1750,,220,6,,,0
409,'1474129',1820,,221,6,,,0
409,'1474130',1850,,222,6,,,0
409,'1474131',1920,,223,6,,,0
409,'1474132',1950,,224,6,,,0
709,'1473149',852,,225,6,,,0
709,'1473150',922,,226,6,,,0
709,'1473151',952,,227,6,,,0
709,'1473152',1022,,228,6,,,0
709,'1473153',1052,,229,6,,,0
709,'1473154',1122,,230,6,,,0
709,'1473155',1152,,231,6,,,0
709,'1473156',1222,,232,6,,,0
709,'1473157',1252,,233,6,,,0
709,'1473158',1322,,234,6,,,0
709,'1473159',1352,,235,6,,,0
709,'1473160',1422,,236,6,,,0
709,'1473161',1452,,237,6,,,0
709,'1473162',1522,,238,6,,,0
709,'1473163',1552,,239,6,,,0
709,'1473164',1622,,240,6,,,0
709,'1473165',1652,,241,6,,,0
709,'1473166',1722,,242,6,,,0
709,'1473167',1752,,243,6,,,0
709,'1473168',1822,,244,6,,,0
709,'1473169',1852,,245,6,,,0
709,'1473170',1922,,246,6,,,0
709,'1473171',1952,,247,6,,,0
709,'1489570',618,,248,6,,,0
709,'1489571',648,,249,6,,,0
709,'1489572',718,,250,6,,,0
709,'1489573',748,,251,6,,,0
709,'1489574',818,,252,6,,,0
709,'1489575',848,,253,6,,,0
709,'1489576',918,,254,6,,,0
709,'1489577',948,,255,6,,,0
709,'1489578',1018,,256,6,,,0
709,'1489579',1048,,257,6,,,0
709,'1489580',1118,,258,6,,,0
709,'1489581',1148,,259,6,,,0
709,'1489582',1218,,260,6,,,0
709,'1489583',1248,,261,6,,,0
709,'1489584',1318,,262,6,,,0
709,'1489585',1348,,263,6,,,0
709,'1489586',1418,,264,6,,,0
709,'1489587',1448,,265,6,,,0
709,'1489588',1518,,266,6,,,0
709,'1489589',1548,,267,6,,,0
709,'1489590',1618,,268,6,,,0
709,'1489591',1648,,269,6,,,0
709,'1489592',1718,,270,6,,,0
709,'1489593',1748,,271,6,,,0
709,'1489594',1818,,272,6,,,0
709,'1489595',1848,,273,6,,,0
709,'1489596',1918,,274,6,,,0
709,'1489597',1948,,275,6,,,0
709,'1489598',2018,,276,6,,,0
709,'1489599',2048,,277,6,,,0
709,'1489600',2118,,278,6,,,0
709,'1489601',2148,,279,6,,,0
709,'1489602',2218,,280,6,,,0
