809,'1489412',625,,281,7,,,0
809,'1489413',655,,282,7,,,0
809,'1489414',725,,283,7,,,0
809,'1489415',755,,284,7,,,0
809,'1489416',825,,285,7,,,0
809,'1489417',855,,286,7,,,0
809,'1489418',925,,287,7,,,0
809,'1489419',955,,288,7,,,0
809,'1489420',1025,,289,7,,,0
809,'1489421',1055,,290,7,,,0
809,'1489422',1125,,291,7,,,0
809,'1489423',1155,,292,7,,,0
809,'1489424',1225,,293,7,,,0
809,'1489425',1255,,294,7,,,0
809,'1489426',1325,,295,7,,,0
809,'1489427',1355,,296,7,,,0
809,'1489428',1425,,297,7,,,0
809,'1489429',1455,,298,7,,,0
809,'1489430',1525,,299,7,,,0
809,'1489431',1555,,300,7,,,0
809,'1489432',1625,,301,7,,,0
809,'1489433',1655,,302,7,,,0
809,'1489434',1725,,303,7,,,0
809,'1489435',1755,,304,7,,,0
809,'1489436',1825,,305,7,,,0
809,'1489437',1855,,306,7,,,0
809,'1489438',1925,,307,7,,,0
809,'1489439',1955,,308,7,,,0
809,'1489440',2025,,309,7,,,0
809,'1489441',2055,,310,7,,,0
809,'1489442',2125,,311,7,,,0
809,'1489443',2155,,312,7,,,0
809,'1489444',2225,,313,7,,,0
809,'1489445',855,,314,7,,,0
809,'1489446',925,,315,7,,,0
809,'1489447',955,,316,7,,,0
809,'1489448',1025,,317,7,,,0
809,'1489449',1055,,318,7,,,0
809,'1489450',1125,,319,7,,,0
809,'1489451',1155,,320,7,,,0
809,'1489452',1225,,321,7,,,0
809,'1489453',1255,,322,7,,,0
809,'1489454',1325,,323,7,,,0
809,'1489455',1355,,324,7,,,0
809,'1489456',1425,,325,7,,,0
809,'1489457',1455,,326,7,,,0
809,'1489458',1525,,327,7,,,0
809,'1489459',1555,,328,7,,,0
809,'1489460',1625,,329,7,,,0
809,'1489461',1655,,330,7,,,0
809,'1489462',1725,,331,7,,,0
809,'1489463',1755,,332,7,,,0
809,'1489464',1825,,333,7,,,0
809,'1489465',1855,,334,7,,,0
809,'1489466',1925,,335,7,,,0
809,'1489467',1955,,336,7,,,0
