3019,'1442631',1125,,706,17,,,0
3019,'1442675',1425,,707,17,,,0
3019,'1442733',1125,,708,17,,,0
3019,'1442752',2025,,709,17,,,0
3019,'1443103',1825,,710,17,,,0
3019,'1443204',1025,,711,17,,,0
3019,'1443220',1525,,712,17,,,0
3019,'1443234',2225,,713,17,,,0
3019,'1443313',1925,,714,17,,,0
3019,'1443385',1225,,715,17,,,0
3019,'1443475',1725,,716,17,,,0
3019,'1443501',1625,,717,17,,,0
3019,'1443646',625,,718,17,,,0
3019,'1443682',1325,,719,17,,,0
3019,'1443691',1725,,720,17,,,0
3019,'1443873',1925,,721,17,,,0
3019,'1443914',1325,,722,17,,,0
3019,'1443932',1025,,723,17,,,0
3019,'1444023',1425,,724,17,,,0
3019,'1444126',1825,,725,17,,,0
3019,'1444142',925,,726,17,,,0
3019,'1444180',925,,727,17,,,0
3019,'1444241',1625,,728,17,,,0
3019,'1444339',2125,,729,17,,,0
3019,'1444435',1525,,730,17,,,0
3019,'1444530',825,,731,17,,,0
3019,'1444556',1225,,732,17,,,0
3019,'1444662',725,,733,17,,,0
3029,'1402545',1555,,734,17,,,0
3029,'1402556',1355,,735,17,,,0
3029,'1402591',855,,736,17,,,0
3029,'1402611',1955,,737,17,,,0
3029,'1402624',1455,,738,17,,,0
3029,'1402656',1255,,739,17,,,0
3029,'1402688',1755,,740,17,,,0
3029,'1402691',1655,,741,17,,,0
3029,'1402699',955,,742,17,,,0
3029,'1402712',1455,,743,17,,,0
3029,'1402767',1555,,744,17,,,0
3029,'1402779',1255,,745,17,,,0
3029,'1402786',755,,746,17,,,0
3029,'1402795',1755,,747,17,,,0
3029,'1402803',1055,,748,17,,,0
3029,'1402809',655,,749,17,,,0
3029,'1402841',955,,750,17,,,0
3029,'1402852',2155,,751,17,,,0
3029,'1402874',1855,,752,17,,,0
3029,'1402905',1055,,753,17,,,0
3029,'1402920',855,,754,17,,,0
3029,'1402929',1155,,755,17,,,0
3029,'1402937',1655,,756,17,,,0
3029,'1402949',1155,,757,17,,,0
3029,'1403010',2055,,758,17,,,0
3029,'1403018',1855,,759,17,,,0
3029,'1403044',1355,,760,17,,,0
3029,'1450947',1955,,594,17,,,0
