209,'1474286',631,,538,33,,,0
209,'1474287',701,,539,33,,,0
209,'1474288',731,,540,33,,,0
209,'1474289',801,,541,33,,,0
209,'1474290',831,,542,33,,,0
209,'1474291',901,,543,33,,,0
209,'1474292',931,,544,33,,,0
209,'1474293',1001,,545,33,,,0
209,'1474294',1031,,546,33,,,0
209,'1474295',1101,,547,33,,,0
209,'1474296',1131,,548,33,,,0
209,'1474297',1201,,549,33,,,0
209,'1474298',1231,,550,33,,,0
209,'1474299',1301,,551,33,,,0
209,'1474300',1331,,552,33,,,0
209,'1474301',1401,,553,33,,,0
209,'1474302',1431,,554,33,,,0
209,'1474303',1501,,555,33,,,0
209,'1474304',1531,,556,33,,,0
209,'1474305',1601,,557,33,,,0
209,'1474306',1631,,558,33,,,0
209,'1474307',1701,,559,33,,,0
209,'1474308',1731,,560,33,,,0
209,'1474309',1801,,561,33,,,0
209,'1474310',1831,,562,33,,,0
209,'1474311',1901,,563,33,,,0
209,'1474312',1931,,564,33,,,0
209,'1474313',2001,,565,33,,,0
209,'1474314',2031,,566,33,,,0
209,'1474315',2101,,567,33,,,0
209,'1474316',2131,,568,33,,,0
209,'1474317',2201,,569,33,,,0
209,'1474318',2231,,570,33,,,0
209,'1474319',901,,571,33,,,0
209,'1474320',931,,572,33,,,0
209,'1474321',1001,,573,33,,,0
209,'1474322',1031,,574,33,,,0
209,'1474323',1101,,575,33,,,0
209,'1474324',1131,,576,33,,,0
209,'1474325',1201,,577,33,,,0
209,'1474326',1231,,578,33,,,0
209,'1474327',1301,,579,33,,,0
209,'1474328',1331,,580,33,,,0
209,'1474329',1401,,581,33,,,0
209,'1474330',1431,,582,33,,,0
209,'1474331',1501,,583,33,,,0
209,'1474332',1531,,584,33,,,0
209,'1474333',1601,,585,33,,,0
209,'1474334',1631,,586,33,,,0
209,'1474335',1701,,587,33,,,0
209,'1474336',1731,,588,33,,,0
209,'1474337',1801,,589,33,,,0
209,'1474338',1831,,590,33,,,0
209,'1474339',1901,,591,33,,,0
209,'1474340',1931,,592,33,,,0
209,'1474341',2001,,593,33,,,0
