4019,'1492568',615,,761,1,,,0,30,,761,36,4,,0
4019,'1492569',645,,762,1,,,0,70,,762,36,4,,0
4019,'1492570',715,,763,1,,,0,30,,763,36,4,,0
4019,'1492571',745,,764,1,,,0,70,,764,36,4,,0
4019,'1492572',815,,765,1,,,0,30,,765,36,4,,0
4019,'1492573',845,,766,1,,,0,70,,766,36,4,,0
4019,'1492574',915,,767,1,,,0,30,,767,36,4,,0
4019,'1492575',945,,768,1,,,0,70,,768,36,4,,0
4019,'1492576',1015,,769,1,,,0,30,,769,36,4,,0
4019,'1492577',1045,,770,1,,,0,70,,770,36,4,,0
4019,'1492578',1115,,771,1,,,0,30,,771,36,4,,0
4019,'1492579',1145,,772,1,,,0,70,,772,36,4,,0
4019,'1492580',1215,,773,1,,,0,30,,773,36,4,,0
4019,'1492581',1245,,774,1,,,0,70,,774,36,4,,0
4019,'1492582',1315,,775,1,,,0,30,,775,36,4,,0
4019,'1492583',1345,,776,1,,,0,70,,776,36,4,,0
4019,'1492584',1415,,777,1,,,0,30,,777,36,4,,0
4019,'1492585',1445,,778,1,,,0,70,,778,36,4,,0
4019,'1492586',1515,,779,1,,,0,30,,779,36,4,,0
4019,'1492587',1545,,780,1,,,0,70,,780,36,4,,0
4019,'1492588',1615,,781,1,,,0,30,,781,36,4,,0
4019,'1492589',1645,,782,1,,,0,70,,782,36,4,,0
4019,'1492590',1715,,783,1,,,0,30,,783,36,4,,0
4019,'1492591',1745,,784,1,,,0,70,,784,36,4,,0
4019,'1492592',1815,,785,1,,,0,30,,785,36,4,,0
4019,'1492593',1845,,786,1,,,0,70,,786,36,4,,0
4019,'1492594',1915,,787,1,,,0,30,,787,36,4,,0
4019,'1492595',1945,,788,1,,,0,70,,788,36,4,,0
4019,'1492596',2015,,789,1,,,0,30,,789,36,4,,0
4019,'1492597',2045,,790,1,,,0,70,,790,36,4,,0
4019,'1492598',2115,,791,1,,,0,30,,791,36,4,,0
4019,'1492599',2145,,792,1,,,0,70,,792,36,4,,0
4019,'1492600',2215,,793,1,,,0,30,,793,36,4,,0
4019,'1492601',845,,794,1,,,0,70,,794,36,4,,0
4019,'1492602',915,,795,1,,,0,30,,795,36,4,,0
4019,'1492603',945,,796,1,,,0,70,,796,36,4,,0
4019,'1492604',1015,,797,1,,,0,30,,797,36,4,,0
4019,'1492605',1045,,798,1,,,0,70,,798,36,4,,0
4019,'1492606',1115,,799,1,,,0,30,,799,36,4,,0
4019,'1492607',1145,,800,1,,,0,70,,800,36,4,,0
4019,'1492608',1215,,801,1,,,0,30,,801,36,4,,0
4019,'1492609',1245,,802,1,,,0,70,,802,36,4,,0
4019,'1492610',1315,,803,1,,,0,30,,803,36,4,,0
4019,'1492611',1345,,804,1,,,0,70,,804,36,4,,0
4019,'1492612',1415,,805,1,,,0,30,,805,36,4,,0
4019,'1492613',1445,,806,1,,,0,70,,806,36,4,,0
4019,'1492614',1515,,807,1,,,0,30,,807,36,4,,0
4019,'1492615',1545,,808,1,,,0,70,,808,36,4,,0
4019,'1492616',1615,,809,1,,,0,30,,809,36,4,,0
4019,'1492617',1645,,810,1,,,0,70,,810,36,4,,0
4019,'1492618',1715,,811,1,,,0,30,,811,36,4,,0
4019,'1492619',1745,,812,1,,,0,70,,812,36,4,,0
4019,'1492620',1815,,813,1,,,0,30,,813,36,4,,0
4019,'1492621',1845,,814,1,,,0,70,,814,36,4,,0
4019,'1492622',1915,,815,1,,,0,30,,815,36,4,,0
4019,'1492623',1945,,816,1,,,0,70,,816,36,4,,0
