409,'1474077',622,,169,11,,,0
409,'1474078',652,,170,11,,,0
409,'1474079',722,,171,11,,,0
409,'1474080',752,,172,11,,,0
409,'1474081',822,,173,11,,,0
409,'1474082',852,,174,11,,,0
409,'1474083',922,,175,11,,,0
409,'1474084',952,,176,11,,,0
409,'1474085',1022,,177,11,,,0
409,'1474086',1052,,178,11,,,0
409,'1474087',1122,,179,11,,,0
409,'1474088',1152,,180,11,,,0
409,'1474089',1222,,181,11,,,0
409,'1474090',1252,,182,11,,,0
409,'1474091',1322,,183,11,,,0
409,'1474092',1352,,184,11,,,0
409,'1474093',1422,,185,11,,,0
409,'1474094',1452,,186,11,,,0
409,'1474095',1522,,187,11,,,0
409,'1474096',1552,,188,11,,,0
409,'1474097',1622,,189,11,,,0
409,'1474098',1652,,190,11,,,0
409,'1474099',1722,,191,11,,,0
409,'1474100',1752,,192,11,,,0
409,'1474101',1822,,193,11,,,0
409,'1474102',1852,,194,11,,,0
409,'1474103',1922,,195,11,,,0
409,'1474104',1952,,196,11,,,0
409,'1474105',2022,,197,11,,,0
409,'1474106',2052,,198,11,,,0
409,'1474107',2122,,199,11,,,0
409,'1474108',2152,,200,11,,,0
409,'1474109',2222,,201,11,,,0
409,'1474110',852,,202,11,,,0
409,'1474111',922,,203,11,,,0
409,'1474112',952,,204,11,,,0
409,'1474113',1022,,205,11,,,0
409,'1474114',1052,,206,11,,,0
409,'1474115',1122,,207,11,,,0
409,'1474116',1152,,208,11,,,0
409,'1474117',1222,,209,11,,,0
409,'1474118',1252,,210,11,,,0
409,'1474119',1322,,211,11,,,0
409,'1474120',1352,,212,11,,,0
409,'1474121',1422,,213,11,,,0
409,'1474122',1452,,214,11,,,0
409,'1474123',1522,,215,11,,,0
409,'1474124',1552,,216,11,,,0
409,'1474125',1622,,217,11,,,0
409,'1474126',1652,,218,11,,,0
409,'1474127',1722,,219,11,,,0
409,'1474128',1752,,220,11,,,0
409,'1474129',1822,,221,11,,,0
409,'1474130',1852,,222,11,,,0
409,'1474131',1922,,223,11,,,0
409,'1474132',1952,,224,11,,,0
