4019,'1492568',641,,761,32,,,0
4019,'1492569',711,,762,32,,,0
4019,'1492570',741,,763,32,,,0
4019,'1492571',811,,764,32,,,0
4019,'1492572',841,,765,32,,,0
4019,'1492573',911,,766,32,,,0
4019,'1492574',941,,767,32,,,0
4019,'1492575',1011,,768,32,,,0
4019,'1492576',1041,,769,32,,,0
4019,'1492577',1111,,770,32,,,0
4019,'1492578',1141,,771,32,,,0
4019,'1492579',1211,,772,32,,,0
4019,'1492580',1241,,773,32,,,0
4019,'1492581',1311,,774,32,,,0
4019,'1492582',1341,,775,32,,,0
4019,'1492583',1411,,776,32,,,0
4019,'1492584',1441,,777,32,,,0
4019,'1492585',1511,,778,32,,,0
4019,'1492586',1541,,779,32,,,0
4019,'1492587',1611,,780,32,,,0
4019,'1492588',1641,,781,32,,,0
4019,'1492589',1711,,782,32,,,0
4019,'1492590',1741,,783,32,,,0
4019,'1492591',1811,,784,32,,,0
4019,'1492592',1841,,785,32,,,0
4019,'1492593',1911,,786,32,,,0
4019,'1492594',1941,,787,32,,,0
4019,'1492595',2011,,788,32,,,0
4019,'1492596',2041,,789,32,,,0
4019,'1492597',2111,,790,32,,,0
4019,'1492598',2141,,791,32,,,0
4019,'1492599',2211,,792,32,,,0
4019,'1492600',2241,,793,32,,,0
4019,'1492601',911,,794,32,,,0
4019,'1492602',941,,795,32,,,0
4019,'1492603',1011,,796,32,,,0
4019,'1492604',1041,,797,32,,,0
4019,'1492605',1111,,798,32,,,0
4019,'1492606',1141,,799,32,,,0
4019,'1492607',1211,,800,32,,,0
4019,'1492608',1241,,801,32,,,0
4019,'1492609',1311,,802,32,,,0
4019,'1492610',1341,,803,32,,,0
4019,'1492611',1411,,804,32,,,0
4019,'1492612',1441,,805,32,,,0
4019,'1492613',1511,,806,32,,,0
4019,'1492614',1541,,807,32,,,0
4019,'1492615',1611,,808,32,,,0
4019,'1492616',1641,,809,32,,,0
4019,'1492617',1711,,810,32,,,0
4019,'1492618',1741,,811,32,,,0
4019,'1492619',1811,,812,32,,,0
4019,'1492620',1841,,813,32,,,0
4019,'1492621',1911,,814,32,,,0
4019,'1492622',1941,,815,32,,,0
4019,'1492623',2011,,816,32,,,0
