409,'1474077',640,,169,30,,,0
409,'1474078',710,,170,30,,,0
409,'1474079',740,,171,30,,,0
409,'1474080',810,,172,30,,,0
409,'1474081',840,,173,30,,,0
409,'1474082',910,,174,30,,,0
409,'1474083',940,,175,30,,,0
409,'1474084',1010,,176,30,,,0
409,'1474085',1040,,177,30,,,0
409,'1474086',1110,,178,30,,,0
409,'1474087',1140,,179,30,,,0
409,'1474088',1210,,180,30,,,0
409,'1474089',1240,,181,30,,,0
409,'1474090',1310,,182,30,,,0
409,'1474091',1340,,183,30,,,0
409,'1474092',1410,,184,30,,,0
409,'1474093',1440,,185,30,,,0
409,'1474094',1510,,186,30,,,0
409,'1474095',1540,,187,30,,,0
409,'1474096',1610,,188,30,,,0
409,'1474097',1640,,189,30,,,0
409,'1474098',1710,,190,30,,,0
409,'1474099',1740,,191,30,,,0
409,'1474100',1810,,192,30,,,0
409,'1474101',1840,,193,30,,,0
409,'1474102',1910,,194,30,,,0
409,'1474103',1940,,195,30,,,0
409,'1474104',2010,,196,30,,,0
409,'1474105',2040,,197,30,,,0
409,'1474106',2110,,198,30,,,0
409,'1474107',2140,,199,30,,,0
409,'1474108',2210,,200,30,,,0
409,'1474109',2240,,201,30,,,0
409,'1474110',910,,202,30,,,0
409,'1474111',940,,203,30,,,0
409,'1474112',1010,,204,30,,,0
409,'1474113',1040,,205,30,,,0
409,'1474114',1110,,206,30,,,0
409,'1474115',1140,,207,30,,,0
409,'1474116',1210,,208,30,,,0
409,'1474117',1240,,209,30,,,0
409,'1474118',1310,,210,30,,,0
409,'1474119',1340,,211,30,,,0
409,'1474120',1410,,212,30,,,0
409,'1474121',1440,,213,30,,,0
409,'1474122',1510,,214,30,,,0
409,'1474123',1540,,215,30,,,0
409,'1474124',1610,,216,30,,,0
409,'1474125',1640,,217,30,,,0
409,'1474126',1710,,218,30,,,0
409,'1474127',1740,,219,30,,,0
409,'1474128',1810,,220,30,,,0
409,'1474129',1840,,221,30,,,0
409,'1474130',1910,,222,30,,,0
409,'1474131',1940,,223,30,,,0
409,'1474132',2010,,224,30,,,0
