309,'1470829',2011,,113,40,0,5 6,0
309,'1479876',712,,114,40,0,5 6,0
309,'1479877',812,,115,40,0,5 6,0
309,'1479878',912,,116,40,0,5 6,0
309,'1479879',1012,,117,40,0,5 6,0
309,'1479880',1112,,118,40,0,5 6,0
309,'1479881',1212,,119,40,0,5 6,0
309,'1479882',1312,,120,40,0,5 6,0
309,'1479883',1412,,121,40,0,5 6,0
309,'1479884',1512,,122,40,0,5 6,0
309,'1479885',1612,,123,40,0,5 6,0
309,'1479886',1712,,124,40,0,5 6,0
309,'1479887',1812,,125,40,0,5 6,0
309,'1479888',1912,,126,40,0,5 6,0
309,'1479889',2012,,127,40,0,5 6,0
309,'1479890',2112,,128,40,0,5 6,0
309,'1479891',2212,,129,40,0,5 6,0
309,'1479892',912,,130,40,0,5 6,0
309,'1479893',1012,,131,40,0,5 6,0
309,'1479894',1112,,132,40,0,5 6,0
309,'1479895',1212,,133,40,0,5 6,0
309,'1479896',1312,,134,40,0,5 6,0
309,'1479897',1412,,135,40,0,5 6,0
309,'1479898',1512,,136,40,0,5 6,0
309,'1479899',1612,,137,40,0,5 6,0
309,'1479900',1712,,138,40,0,5 6,0
309,'1479901',1812,,139,40,0,5 6,0
309,'1479902',1912,,140,40,0,5 6,0
309,'1489542',642,,141,41,0,5 7,0
309,'1489543',742,,142,41,0,5 7,0
309,'1489544',842,,143,41,0,5 7,0
309,'1489545',942,,144,41,0,5 7,0
309,'1489546',1042,,145,41,0,5 7,0
309,'1489547',1142,,146,41,0,5 7,0
309,'1489548',1242,,147,41,0,5 7,0
309,'1489549',1342,,148,41,0,5 7,0
309,'1489550',1442,,149,41,0,5 7,0
309,'1489551',1542,,150,41,0,5 7,0
309,'1489552',1642,,151,41,0,5 7,0
309,'1489553',1742,,152,41,0,5 7,0
309,'1489554',1842,,153,41,0,5 7,0
309,'1489555',1942,,154,41,0,5 7,0
309,'1489556',2042,,155,41,0,5 7,0
309,'1489557',2142,,156,41,0,5 7,0
309,'1489558',2242,,157,41,0,5 7,0
309,'1489559',942,,158,41,0,5 7,0
309,'1489560',1042,,159,41,0,5 7,0
309,'1489561',1142,,160,41,0,5 7,0
309,'1489562',1242,,161,41,0,5 7,0
309,'1489563',1342,,162,41,0,5 7,0
309,'1489564',1442,,163,41,0,5 7,0
309,'1489565',1542,,164,41,0,5 7,0
309,'1489566',1642,,165,41,0,5 7,0
309,'1489567',1742,,166,41,0,5 7,0
309,'1489568',1842,,167,41,0,5 7,0
309,'1489569',1942,,168,41,0,5 7,0
