209,'1457470',1623,,482,18,,,0
209,'1457478',1823,,483,18,,,0
209,'1457483',1523,,484,18,,,0
209,'1457489',2223,,485,18,,,0
209,'1457510',1223,,486,18,,,0
209,'1457518',923,,487,18,,,0
209,'1457527',1653,,488,18,,,0
209,'1457529',753,,489,18,,,0
209,'1457565',623,,490,18,,,0
209,'1457573',2123,,491,18,,,0
209,'1457608',2023,,492,18,,,0
209,'1457622',1753,,493,18,,,0
209,'1457643',2153,,494,18,,,0
209,'1457651',1853,,495,18,,,0
209,'1457697',1453,,496,18,,,0
209,'1457706',1023,,497,18,,,0
209,'1457736',1323,,498,18,,,0
209,'1457789',953,,499,18,,,0
209,'1457792',853,,500,18,,,0
209,'1457805',1553,,501,18,,,0
209,'1457813',1053,,502,18,,,0
209,'1457840',1353,,503,18,,,0
209,'1457842',2053,,504,18,,,0
209,'1457892',823,,505,18,,,0
209,'1457903',1253,,506,18,,,0
209,'1457922',1123,,507,18,,,0
209,'1457963',1723,,508,18,,,0
209,'1457979',1953,,509,18,,,0
209,'1458006',1423,,510,18,,,0
209,'1458025',653,,511,18,,,0
209,'1458029',1923,,512,18,,,0
209,'1458032',1153,,513,18,,,0
209,'1458046',723,,514,18,,,0
209,'1467968',1523,,395,18,,,0
209,'1467993',1653,,398,18,,,0
209,'1468003',1353,,400,18,,,0
209,'1468007',2153,,401,18,,,0
209,'1468017',923,,402,18,,,0
209,'1468034',1753,,405,18,,,0
209,'1468038',953,,406,18,,,0
209,'1468054',853,,408,18,,,0
209,'1468079',823,,409,18,,,0
209,'1468088',2023,,410,18,,,0
209,'1468109',1223,,411,18,,,0
209,'1468127',753,,413,18,,,0
209,'1468129',1053,,414,18,,,0
209,'1468134',1853,,415,18,,,0
209,'1468156',1823,,416,18,,,0
209,'1468158',1723,,417,18,,,0
209,'1468197',1323,,419,18,,,0
209,'1468238',1123,,420,18,,,0
209,'1468288',1253,,425,18,,,0
209,'1468302',1153,,428,18,,,0
209,'1468306',1623,,429,18,,,0
209,'1468319',2053,,431,18,,,0
209,'1468342',1423,,433,18,,,0
209,'1468357',1023,,434,18,,,0
209,'1468388',623,,435,18,,,0
209,'1468403',2223,,438,18,,,0
209,'1468420',1453,,440,18,,,0
209,'1468421',653,,441,18,,,0
209,'1468443',1553,,442,18,,,0
209,'1468446',2123,,443,18,,,0
209,'1468448',723,,444,18,,,0
209,'1468457',1923,,446,18,,,0
209,'1468482',1953,,448,18,,,0
209,'1469168',853,,515,18,,,0
209,'1469169',923,,516,18,,,0
209,'1469170',953,,517,18,,,0
209,'1469171',1023,,518,18,,,0
209,'1469172',1053,,519,18,,,0
209,'1469173',1123,,520,18,,,0
209,'1469174',1153,,521,18,,,0
209,'1469175',1223,,522,18,,,0
209,'1469176',1253,,523,18,,,0
209,'1469177',1323,,524,18,,,0
209,'1469178',1353,,525,18,,,0
209,'1469179',1423,,526,18,,,0
209,'1469180',1453,,527,18,,,0
209,'1469181',1523,,528,18,,,0
209,'1469182',1553,,529,18,,,0
209,'1469183',1623,,530,18,,,0
209,'1469184',1653,,531,18,,,0
209,'1469185',1723,,532,18,,,0
209,'1469186',1753,,533,18,,,0
209,'1469187',1823,,534,18,,,0
209,'1469188',1853,,535,18,,,0
209,'1469189',1923,,536,18,,,0
209,'1469190',1953,,537,18,,,0
