709,'1473149',855,,225,11,,,0
709,'1473150',925,,226,11,,,0
709,'1473151',955,,227,11,,,0
709,'1473152',1025,,228,11,,,0
709,'1473153',1055,,229,11,,,0
709,'1473154',1125,,230,11,,,0
709,'1473155',1155,,231,11,,,0
709,'1473156',1225,,232,11,,,0
709,'1473157',1255,,233,11,,,0
709,'1473158',1325,,234,11,,,0
709,'1473159',1355,,235,11,,,0
709,'1473160',1425,,236,11,,,0
709,'1473161',1455,,237,11,,,0
709,'1473162',1525,,238,11,,,0
709,'1473163',1555,,239,11,,,0
709,'1473164',1625,,240,11,,,0
709,'1473165',1655,,241,11,,,0
709,'1473166',1725,,242,11,,,0
709,'1473167',1755,,243,11,,,0
709,'1473168',1825,,244,11,,,0
709,'1473169',1855,,245,11,,,0
709,'1473170',1925,,246,11,,,0
709,'1473171',1955,,247,11,,,0
709,'1489570',620,,248,11,,,0
709,'1489571',650,,249,11,,,0
709,'1489572',720,,250,11,,,0
709,'1489573',750,,251,11,,,0
709,'1489574',820,,252,11,,,0
709,'1489575',850,,253,11,,,0
709,'1489576',920,,254,11,,,0
709,'1489577',950,,255,11,,,0
709,'1489578',1020,,256,11,,,0
709,'1489579',1050,,257,11,,,0
709,'1489580',1120,,258,11,,,0
709,'1489581',1150,,259,11,,,0
709,'1489582',1220,,260,11,,,0
709,'1489583',1250,,261,11,,,0
709,'1489584',1320,,262,11,,,0
709,'1489585',1350,,263,11,,,0
709,'1489586',1420,,264,11,,,0
709,'1489587',1450,,265,11,,,0
709,'1489588',1520,,266,11,,,0
709,'1489589',1550,,267,11,,,0
709,'1489590',1620,,268,11,,,0
709,'1489591',1650,,269,11,,,0
709,'1489592',1720,,270,11,,,0
709,'1489593',1750,,271,11,,,0
709,'1489594',1820,,272,11,,,0
709,'1489595',1850,,273,11,,,0
709,'1489596',1920,,274,11,,,0
709,'1489597',1950,,275,11,,,0
709,'1489598',2020,,276,11,,,0
709,'1489599',2050,,277,11,,,0
709,'1489600',2120,,278,11,,,0
709,'1489601',2150,,279,11,,,0
709,'1489602',2220,,280,11,,,0
