709,'1471238',854,,337,9,,,0
709,'1471239',924,,338,9,,,0
709,'1471240',954,,339,9,,,0
709,'1471241',1024,,340,9,,,0
709,'1471242',1054,,341,9,,,0
709,'1471243',1124,,342,9,,,0
709,'1471244',1154,,343,9,,,0
709,'1471245',1224,,344,9,,,0
709,'1471246',1254,,345,9,,,0
709,'1471247',1324,,346,9,,,0
709,'1471248',1354,,347,9,,,0
709,'1471249',1424,,348,9,,,0
709,'1471250',1454,,349,9,,,0
709,'1471251',1524,,350,9,,,0
709,'1471252',1554,,351,9,,,0
709,'1471253',1624,,352,9,,,0
709,'1471254',1654,,353,9,,,0
709,'1471255',1724,,354,9,,,0
709,'1471256',1754,,355,9,,,0
709,'1471257',1824,,356,9,,,0
709,'1471258',1854,,357,9,,,0
709,'1471259',1924,,358,9,,,0
709,'1471260',1954,,359,9,,,0
709,'1480384',619,,360,9,,,0
709,'1480385',649,,361,9,,,0
709,'1480386',719,,362,9,,,0
709,'1480387',749,,363,9,,,0
709,'1480388',819,,364,9,,,0
709,'1480389',849,,365,9,,,0
709,'1480390',919,,366,9,,,0
709,'1480391',949,,367,9,,,0
709,'1480392',1019,,368,9,,,0
709,'1480393',1049,,369,9,,,0
709,'1480394',1119,,370,9,,,0
709,'1480395',1149,,371,9,,,0
709,'1480396',1219,,372,9,,,0
709,'1480397',1249,,373,9,,,0
709,'1480398',1319,,374,9,,,0
709,'1480399',1349,,375,9,,,0
709,'1480400',1419,,376,9,,,0
709,'1480401',1449,,377,9,,,0
709,'1480402',1519,,378,9,,,0
709,'1480403',1549,,379,9,,,0
709,'1480404',1619,,380,9,,,0
709,'1480405',1649,,381,9,,,0
709,'1480406',1719,,382,9,,,0
709,'1480407',1749,,383,9,,,0
709,'1480408',1819,,384,9,,,0
709,'1480409',1849,,385,9,,,0
709,'1480410',1919,,386,9,,,0
709,'1480411',1949,,387,9,,,0
709,'1480412',2019,,388,9,,,0
709,'1480413',2049,,389,9,,,0
709,'1480414',2119,,390,9,,,0
709,'1480415',2149,,391,9,,,0
709,'1480416',2219,,392,9,,,0
