309,'1470829',2000,,113,22,0,5 6,0
309,'1479876',658,,114,22,0,5 6,0
309,'1479877',758,,115,22,0,5 6,0
309,'1479878',858,,116,22,0,5 6,0
309,'1479879',958,,117,22,0,5 6,0
309,'1479880',1058,,118,22,0,5 6,0
309,'1479881',1158,,119,22,0,5 6,0
309,'1479882',1258,,120,22,0,5 6,0
309,'1479883',1358,,121,22,0,5 6,0
309,'1479884',1458,,122,22,0,5 6,0
309,'1479885',1558,,123,22,0,5 6,0
309,'1479886',1658,,124,22,0,5 6,0
309,'1479887',1758,,125,22,0,5 6,0
309,'1479888',1858,,126,22,0,5 6,0
309,'1479889',1958,,127,22,0,5 6,0
309,'1479890',2058,,128,22,0,5 6,0
309,'1479891',2158,,129,22,0,5 6,0
309,'1479892',858,,130,22,0,5 6,0
309,'1479893',958,,131,22,0,5 6,0
309,'1479894',1058,,132,22,0,5 6,0
309,'1479895',1158,,133,22,0,5 6,0
309,'1479896',1258,,134,22,0,5 6,0
309,'1479897',1358,,135,22,0,5 6,0
309,'1479898',1458,,136,22,0,5 6,0
309,'1479899',1558,,137,22,0,5 6,0
309,'1479900',1658,,138,22,0,5 6,0
309,'1479901',1758,,139,22,0,5 6,0
309,'1479902',1858,,140,22,0,5 6,0
