709,'1442614',730,,449,19,,,0
709,'1442622',2000,,450,19,,,0
709,'1442670',2130,,451,19,,,0
709,'1442732',2030,,452,19,,,0
709,'1442767',1630,,453,19,,,0
709,'1442817',1700,,454,19,,,0
709,'1442848',1800,,455,19,,,0
709,'1442896',800,,456,19,,,0
709,'1442972',1930,,457,19,,,0
709,'1443069',1230,,458,19,,,0
709,'1443156',630,,459,19,,,0
709,'1443162',1400,,460,19,,,0
709,'1443179',1430,,461,19,,,0
709,'1443229',1300,,462,19,,,0
709,'1443345',1830,,463,19,,,0
709,'1443404',830,,464,19,,,0
709,'1443436',1200,,465,19,,,0
709,'1443487',1130,,466,19,,,0
709,'1443532',700,,467,19,,,0
709,'1443541',930,,468,19,,,0
709,'1443550',2230,,469,19,,,0
709,'1443573',1600,,470,19,,,0
709,'1443663',1030,,471,19,,,0
709,'1443697',1000,,472,19,,,0
709,'1443868',900,,473,19,,,0
709,'1443959',1100,,474,19,,,0
709,'1443993',1330,,475,19,,,0
709,'1444109',1500,,476,19,,,0
709,'1444167',2100,,477,19,,,0
709,'1444230',1900,,478,19,,,0
709,'1444467',1730,,479,19,,,0
709,'1444493',1530,,480,19,,,0
709,'1444706',2200,,481,19,,,0
709,'1471238',902,,337,19,,,0
709,'1471239',932,,338,19,,,0
709,'1471240',1002,,339,19,,,0
709,'1471241',1032,,340,19,,,0
709,'1471242',1102,,341,19,,,0
709,'1471243',1132,,342,19,,,0
709,'1471244',1202,,343,19,,,0
709,'1471245',1232,,344,19,,,0
709,'1471246',1302,,345,19,,,0
709,'1471247',1332,,346,19,,,0
709,'1471248',1402,,347,19,,,0
709,'1471249',1432,,348,19,,,0
709,'1471250',1502,,349,19,,,0
709,'1471251',1532,,350,19,,,0
709,'1471252',1602,,351,19,,,0
709,'1471253',1632,,352,19,,,0
709,'1471254',1702,,353,19,,,0
709,'1471255',1732,,354,19,,,0
709,'1471256',1802,,355,19,,,0
709,'1471257',1832,,356,19,,,0
709,'1471258',1902,,357,19,,,0
709,'1471259',1932,,358,19,,,0
709,'1471260',2002,,359,19,,,0
