709,'1442614',736,,449,24,,,0
709,'1442622',2006,,450,24,,,0
709,'1442670',2136,,451,24,,,0
709,'1442732',2036,,452,24,,,0
709,'1442767',1636,,453,24,,,0
709,'1442817',1706,,454,24,,,0
709,'1442848',1806,,455,24,,,0
709,'1442896',806,,456,24,,,0
709,'1442972',1936,,457,24,,,0
709,'1443069',1236,,458,24,,,0
709,'1443156',636,,459,24,,,0
709,'1443162',1406,,460,24,,,0
709,'1443179',1436,,461,24,,,0
709,'1443229',1306,,462,24,,,0
709,'1443345',1836,,463,24,,,0
709,'1443404',836,,464,24,,,0
709,'1443436',1206,,465,24,,,0
709,'1443487',1136,,466,24,,,0
709,'1443532',706,,467,24,,,0
709,'1443541',936,,468,24,,,0
709,'1443550',2236,,469,24,,,0
709,'1443573',1606,,470,24,,,0
709,'1443663',1036,,471,24,,,0
709,'1443697',1006,,472,24,,,0
709,'1443868',906,,473,24,,,0
709,'1443959',1106,,474,24,,,0
709,'1443993',1336,,475,24,,,0
709,'1444109',1506,,476,24,,,0
709,'1444167',2106,,477,24,,,0
709,'1444230',1906,,478,24,,,0
709,'1444467',1736,,479,24,,,0
709,'1444493',1536,,480,24,,,0
709,'1444706',2206,,481,24,,,0
709,'1471238',906,,337,24,,,0
709,'1471239',936,,338,24,,,0
709,'1471240',1006,,339,24,,,0
709,'1471241',1036,,340,24,,,0
709,'1471242',1106,,341,24,,,0
709,'1471243',1136,,342,24,,,0
709,'1471244',1206,,343,24,,,0
709,'1471245',1236,,344,24,,,0
709,'1471246',1306,,345,24,,,0
709,'1471247',1336,,346,24,,,0
709,'1471248',1406,,347,24,,,0
709,'1471249',1436,,348,24,,,0
709,'1471250',1506,,349,24,,,0
709,'1471251',1536,,350,24,,,0
709,'1471252',1606,,351,24,,,0
709,'1471253',1636,,352,24,,,0
709,'1471254',1706,,353,24,,,0
709,'1471255',1736,,354,24,,,0
709,'1471256',1806,,355,24,,,0
709,'1471257',1836,,356,24,,,0
709,'1471258',1906,,357,24,,,0
709,'1471259',1936,,358,24,,,0
709,'1471260',2006,,359,24,,,0
