309,'1470829',1950,,113,11,0,5 6,0
309,'1479876',650,,114,11,0,5 6,0
309,'1479877',750,,115,11,0,5 6,0
309,'1479878',850,,116,11,0,5 6,0
309,'1479879',950,,117,11,0,5 6,0
309,'1479880',1050,,118,11,0,5 6,0
309,'1479881',1150,,119,11,0,5 6,0
309,'1479882',1250,,120,11,0,5 6,0
309,'1479883',1350,,121,11,0,5 6,0
309,'1479884',1450,,122,11,0,5 6,0
309,'1479885',1550,,123,11,0,5 6,0
309,'1479886',1650,,124,11,0,5 6,0
309,'1479887',1750,,125,11,0,5 6,0
309,'1479888',1850,,126,11,0,5 6,0
309,'1479889',1950,,127,11,0,5 6,0
309,'1479890',2050,,128,11,0,5 6,0
309,'1479891',2150,,129,11,0,5 6,0
309,'1479892',850,,130,11,0,5 6,0
309,'1479893',950,,131,11,0,5 6,0
309,'1479894',1050,,132,11,0,5 6,0
309,'1479895',1150,,133,11,0,5 6,0
309,'1479896',1250,,134,11,0,5 6,0
309,'1479897',1350,,135,11,0,5 6,0
309,'1479898',1450,,136,11,0,5 6,0
309,'1479899',1550,,137,11,0,5 6,0
309,'1479900',1650,,138,11,0,5 6,0
309,'1479901',1750,,139,11,0,5 6,0
309,'1479902',1850,,140,11,0,5 6,0
309,'1489542',620,,141,11,0,5 7,0
309,'1489543',720,,142,11,0,5 7,0
309,'1489544',820,,143,11,0,5 7,0
309,'1489545',920,,144,11,0,5 7,0
309,'1489546',1020,,145,11,0,5 7,0
309,'1489547',1120,,146,11,0,5 7,0
309,'1489548',1220,,147,11,0,5 7,0
309,'1489549',1320,,148,11,0,5 7,0
309,'1489550',1420,,149,11,0,5 7,0
309,'1489551',1520,,150,11,0,5 7,0
309,'1489552',1620,,151,11,0,5 7,0
309,'1489553',1720,,152,11,0,5 7,0
309,'1489554',1820,,153,11,0,5 7,0
309,'1489555',1920,,154,11,0,5 7,0
309,'1489556',2020,,155,11,0,5 7,0
309,'1489557',2120,,156,11,0,5 7,0
309,'1489558',2220,,157,11,0,5 7,0
309,'1489559',920,,158,11,0,5 7,0
309,'1489560',1020,,159,11,0,5 7,0
309,'1489561',1120,,160,11,0,5 7,0
309,'1489562',1220,,161,11,0,5 7,0
309,'1489563',1320,,162,11,0,5 7,0
309,'1489564',1420,,163,11,0,5 7,0
309,'1489565',1520,,164,11,0,5 7,0
309,'1489566',1620,,165,11,0,5 7,0
309,'1489567',1720,,166,11,0,5 7,0
309,'1489568',1820,,167,11,0,5 7,0
309,'1489569',1920,,168,11,0,5 7,0
