309,'1492333',628,,595,20,0,5 7,0
309,'1492334',728,,596,20,0,5 7,0
309,'1492335',828,,597,20,0,5 7,0
309,'1492336',928,,598,20,0,5 7,0
309,'1492337',1028,,599,20,0,5 7,0
309,'1492338',1128,,600,20,0,5 7,0
309,'1492339',1228,,601,20,0,5 7,0
309,'1492340',1328,,602,20,0,5 7,0
309,'1492341',1428,,603,20,0,5 7,0
309,'1492342',1528,,604,20,0,5 7,0
309,'1492343',1628,,605,20,0,5 7,0
309,'1492344',1728,,606,20,0,5 7,0
309,'1492345',1828,,607,20,0,5 7,0
309,'1492346',1928,,608,20,0,5 7,0
309,'1492347',2028,,609,20,0,5 7,0
309,'1492348',2128,,610,20,0,5 7,0
309,'1492349',2228,,611,20,0,5 7,0
309,'1492350',928,,612,20,0,5 7,0
309,'1492351',1028,,613,20,0,5 7,0
309,'1492352',1128,,614,20,0,5 7,0
309,'1492353',1228,,615,20,0,5 7,0
309,'1492354',1328,,616,20,0,5 7,0
309,'1492355',1428,,617,20,0,5 7,0
309,'1492356',1528,,618,20,0,5 7,0
309,'1492357',1628,,619,20,0,5 7,0
309,'1492358',1728,,620,20,0,5 7,0
309,'1492359',1828,,621,20,0,5 7,0
309,'1492360',1928,,622,20,0,5 7,0
