209,'1457470',1627,,482,27,,,0
209,'1457478',1827,,483,27,,,0
209,'1457483',1527,,484,27,,,0
209,'1457489',2227,,485,27,,,0
209,'1457510',1227,,486,27,,,0
209,'1457518',927,,487,27,,,0
209,'1457527',1657,,488,27,,,0
209,'1457529',757,,489,27,,,0
209,'1457565',627,,490,27,,,0
209,'1457573',2127,,491,27,,,0
209,'1457608',2027,,492,27,,,0
209,'1457622',1757,,493,27,,,0
209,'1457643',2157,,494,27,,,0
209,'1457651',1857,,495,27,,,0
209,'1457697',1457,,496,27,,,0
209,'1457706',1027,,497,27,,,0
209,'1457736',1327,,498,27,,,0
209,'1457789',957,,499,27,,,0
209,'1457792',857,,500,27,,,0
209,'1457805',1557,,501,27,,,0
209,'1457813',1057,,502,27,,,0
209,'1457840',1357,,503,27,,,0
209,'1457842',2057,,504,27,,,0
209,'1457892',827,,505,27,,,0
209,'1457903',1257,,506,27,,,0
209,'1457922',1127,,507,27,,,0
209,'1457963',1727,,508,27,,,0
209,'1457979',1957,,509,27,,,0
209,'1458006',1427,,510,27,,,0
209,'1458025',657,,511,27,,,0
209,'1458029',1927,,512,27,,,0
209,'1458032',1157,,513,27,,,0
209,'1458046',727,,514,27,,,0
209,'1467968',1527,,395,27,,,0
209,'1467993',1657,,398,27,,,0
209,'1468003',1357,,400,27,,,0
209,'1468007',2157,,401,27,,,0
209,'1468017',927,,402,27,,,0
209,'1468034',1757,,405,27,,,0
209,'1468038',957,,406,27,,,0
209,'1468054',857,,408,27,,,0
209,'1468079',827,,409,27,,,0
209,'1468088',2027,,410,27,,,0
209,'1468109',1227,,411,27,,,0
209,'1468127',757,,413,27,,,0
209,'1468129',1057,,414,27,,,0
209,'1468134',1857,,415,27,,,0
209,'1468156',1827,,416,27,,,0
209,'1468158',1727,,417,27,,,0
209,'1468197',1327,,419,27,,,0
209,'1468238',1127,,420,27,,,0
209,'1468288',1257,,425,27,,,0
209,'1468302',1157,,428,27,,,0
209,'1468306',1627,,429,27,,,0
209,'1468319',2057,,431,27,,,0
209,'1468342',1427,,433,27,,,0
209,'1468357',1027,,434,27,,,0
209,'1468388',627,,435,27,,,0
209,'1468403',2227,,438,27,,,0
209,'1468420',1457,,440,27,,,0
209,'1468421',657,,441,27,,,0
209,'1468443',1557,,442,27,,,0
209,'1468446',2127,,443,27,,,0
209,'1468448',727,,444,27,,,0
209,'1468457',1927,,446,27,,,0
209,'1468482',1957,,448,27,,,0
209,'1469168',857,,515,27,,,0
209,'1469169',927,,516,27,,,0
209,'1469170',957,,517,27,,,0
209,'1469171',1027,,518,27,,,0
209,'1469172',1057,,519,27,,,0
209,'1469173',1127,,520,27,,,0
209,'1469174',1157,,521,27,,,0
209,'1469175',1227,,522,27,,,0
209,'1469176',1257,,523,27,,,0
209,'1469177',1327,,524,27,,,0
209,'1469178',1357,,525,27,,,0
209,'1469179',1427,,526,27,,,0
209,'1469180',1457,,527,27,,,0
209,'1469181',1527,,528,27,,,0
209,'1469182',1557,,529,27,,,0
209,'1469183',1627,,530,27,,,0
209,'1469184',1657,,531,27,,,0
209,'1469185',1727,,532,27,,,0
209,'1469186',1757,,533,27,,,0
209,'1469187',1827,,534,27,,,0
209,'1469188',1857,,535,27,,,0
209,'1469189',1927,,536,27,,,0
209,'1469190',1957,,537,27,,,0
