4019,'1492568',637,,761,28,,,0
4019,'1492569',707,,762,28,,,0
4019,'1492570',737,,763,28,,,0
4019,'1492571',807,,764,28,,,0
4019,'1492572',837,,765,28,,,0
4019,'1492573',907,,766,28,,,0
4019,'1492574',937,,767,28,,,0
4019,'1492575',1007,,768,28,,,0
4019,'1492576',1037,,769,28,,,0
4019,'1492577',1107,,770,28,,,0
4019,'1492578',1137,,771,28,,,0
4019,'1492579',1207,,772,28,,,0
4019,'1492580',1237,,773,28,,,0
4019,'1492581',1307,,774,28,,,0
4019,'1492582',1337,,775,28,,,0
4019,'1492583',1407,,776,28,,,0
4019,'1492584',1437,,777,28,,,0
4019,'1492585',1507,,778,28,,,0
4019,'1492586',1537,,779,28,,,0
4019,'1492587',1607,,780,28,,,0
4019,'1492588',1637,,781,28,,,0
4019,'1492589',1707,,782,28,,,0
4019,'1492590',1737,,783,28,,,0
4019,'1492591',1807,,784,28,,,0
4019,'1492592',1837,,785,28,,,0
4019,'1492593',1907,,786,28,,,0
4019,'1492594',1937,,787,28,,,0
4019,'1492595',2007,,788,28,,,0
4019,'1492596',2037,,789,28,,,0
4019,'1492597',2107,,790,28,,,0
4019,'1492598',2137,,791,28,,,0
4019,'1492599',2207,,792,28,,,0
4019,'1492600',2237,,793,28,,,0
4019,'1492601',907,,794,28,,,0
4019,'1492602',937,,795,28,,,0
4019,'1492603',1007,,796,28,,,0
4019,'1492604',1037,,797,28,,,0
4019,'1492605',1107,,798,28,,,0
4019,'1492606',1137,,799,28,,,0
4019,'1492607',1207,,800,28,,,0
4019,'1492608',1237,,801,28,,,0
4019,'1492609',1307,,802,28,,,0
4019,'1492610',1337,,803,28,,,0
4019,'1492611',1407,,804,28,,,0
4019,'1492612',1437,,805,28,,,0
4019,'1492613',1507,,806,28,,,0
4019,'1492614',1537,,807,28,,,0
4019,'1492615',1607,,808,28,,,0
4019,'1492616',1637,,809,28,,,0
4019,'1492617',1707,,810,28,,,0
4019,'1492618',1737,,811,28,,,0
4019,'1492619',1807,,812,28,,,0
4019,'1492620',1837,,813,28,,,0
4019,'1492621',1907,,814,28,,,0
4019,'1492622',1937,,815,28,,,0
4019,'1492623',2007,,816,28,,,0
