1019,'1456814',1433,,1,16,,,0
1019,'1456819',1603,,2,16,,,0
1019,'1456824',1833,,3,16,,,0
1019,'1456829',903,,4,16,,,0
1019,'1456834',933,,5,16,,,0
1019,'1456836',1833,,6,16,,,0
1019,'1456837',703,,7,16,,,0
1019,'1456840',1803,,8,16,,,0
1019,'1456877',933,,9,16,,,0
1019,'1456880',633,,10,16,,,0
1019,'1456889',1633,,11,16,,,0
1019,'1456915',1033,,12,16,,,0
1019,'1456918',1903,,13,16,,,0
1019,'1456919',1633,,14,16,,,0
1019,'1456920',2133,,15,16,,,0
1019,'1456950',833,,16,16,,,0
1019,'1456960',1203,,17,16,,,0
1019,'1456962',1303,,18,16,,,0
1019,'1456984',1103,,19,16,,,0
1019,'1456985',2033,,20,16,,,0
1019,'1457004',803,,21,16,,,0
1019,'1457017',1233,,22,16,,,0
1019,'1457020',1803,,23,16,,,0
1019,'1457022',1333,,24,16,,,0
1019,'1457029',2203,,25,16,,,0
1019,'1457030',2103,,26,16,,,0
1019,'1457036',1933,,27,16,,,0
1019,'1457038',1503,,28,16,,,0
1019,'1457041',1603,,29,16,,,0
1019,'1457072',903,,30,16,,,0
1019,'1457093',1533,,31,16,,,0
1019,'1457107',733,,32,16,,,0
1019,'1457111',1033,,33,16,,,0
1019,'1457122',1003,,34,16,,,0
1019,'1457126',2003,,35,16,,,0
1019,'1457134',1903,,36,16,,,0
1019,'1457138',1703,,37,16,,,0
1019,'1457157',1133,,38,16,,,0
1019,'1457178',1403,,39,16,,,0
1019,'1457184',1433,,40,16,,,0
1019,'1457201',1303,,41,16,,,0
1019,'1457203',1203,,42,16,,,0
1019,'1457208',2003,,43,16,,,0
1019,'1457212',1403,,44,16,,,0
1019,'1457238',1703,,45,16,,,0
1019,'1457256',1133,,46,16,,,0
1019,'1457268',1733,,47,16,,,0
1019,'1457283',1733,,48,16,,,0
1019,'1457290',2233,,49,16,,,0
1019,'1457302',1533,,50,16,,,0
1019,'1457309',1933,,51,16,,,0
1019,'1457336',1103,,52,16,,,0
1019,'1457337',1003,,53,16,,,0
1019,'1457368',1233,,54,16,,,0
1019,'1457373',1333,,55,16,,,0
1019,'1457382',1503,,56,16,,,0
