209,'1474286',628,,538,29,,,0
209,'1474287',658,,539,29,,,0
209,'1474288',728,,540,29,,,0
209,'1474289',758,,541,29,,,0
209,'1474290',828,,542,29,,,0
209,'1474291',858,,543,29,,,0
209,'1474292',928,,544,29,,,0
209,'1474293',958,,545,29,,,0
209,'1474294',1028,,546,29,,,0
209,'1474295',1058,,547,29,,,0
209,'1474296',1128,,548,29,,,0
209,'1474297',1158,,549,29,,,0
209,'1474298',1228,,550,29,,,0
209,'1474299',1258,,551,29,,,0
209,'1474300',1328,,552,29,,,0
209,'1474301',1358,,553,29,,,0
209,'1474302',1428,,554,29,,,0
209,'1474303',1458,,555,29,,,0
209,'1474304',1528,,556,29,,,0
209,'1474305',1558,,557,29,,,0
209,'1474306',1628,,558,29,,,0
209,'1474307',1658,,559,29,,,0
209,'1474308',1728,,560,29,,,0
209,'1474309',1758,,561,29,,,0
209,'1474310',1828,,562,29,,,0
209,'1474311',1858,,563,29,,,0
209,'1474312',1928,,564,29,,,0
209,'1474313',1958,,565,29,,,0
209,'1474314',2028,,566,29,,,0
209,'1474315',2058,,567,29,,,0
209,'1474316',2128,,568,29,,,0
209,'1474317',2158,,569,29,,,0
209,'1474318',2228,,570,29,,,0
209,'1474319',858,,571,29,,,0
209,'1474320',928,,572,29,,,0
209,'1474321',958,,573,29,,,0
209,'1474322',1028,,574,29,,,0
209,'1474323',1058,,575,29,,,0
209,'1474324',1128,,576,29,,,0
209,'1474325',1158,,577,29,,,0
209,'1474326',1228,,578,29,,,0
209,'1474327',1258,,579,29,,,0
209,'1474328',1328,,580,29,,,0
209,'1474329',1358,,581,29,,,0
209,'1474330',1428,,582,29,,,0
209,'1474331',1458,,583,29,,,0
209,'1474332',1528,,584,29,,,0
209,'1474333',1558,,585,29,,,0
209,'1474334',1628,,586,29,,,0
209,'1474335',1658,,587,29,,,0
209,'1474336',1728,,588,29,,,0
209,'1474337',1758,,589,29,,,0
209,'1474338',1828,,590,29,,,0
209,'1474339',1858,,591,29,,,0
209,'1474340',1928,,592,29,,,0
209,'1474341',1958,,593,29,,,0
