409,'1474077',623,,169,14,,,0
409,'1474078',653,,170,14,,,0
409,'1474079',723,,171,14,,,0
409,'1474080',753,,172,14,,,0
409,'1474081',823,,173,14,,,0
409,'1474082',853,,174,14,,,0
409,'1474083',923,,175,14,,,0
409,'1474084',953,,176,14,,,0
409,'1474085',1023,,177,14,,,0
409,'1474086',1053,,178,14,,,0
409,'1474087',1123,,179,14,,,0
409,'1474088',1153,,180,14,,,0
409,'1474089',1223,,181,14,,,0
409,'1474090',1253,,182,14,,,0
409,'1474091',1323,,183,14,,,0
409,'1474092',1353,,184,14,,,0
409,'1474093',1423,,185,14,,,0
409,'1474094',1453,,186,14,,,0
409,'1474095',1523,,187,14,,,0
409,'1474096',1553,,188,14,,,0
409,'1474097',1623,,189,14,,,0
409,'1474098',1653,,190,14,,,0
409,'1474099',1723,,191,14,,,0
409,'1474100',1753,,192,14,,,0
409,'1474101',1823,,193,14,,,0
409,'1474102',1853,,194,14,,,0
409,'1474103',1923,,195,14,,,0
409,'1474104',1953,,196,14,,,0
409,'1474105',2023,,197,14,,,0
409,'1474106',2053,,198,14,,,0
409,'1474107',2123,,199,14,,,0
409,'1474108',2153,,200,14,,,0
409,'1474109',2223,,201,14,,,0
409,'1474110',853,,202,14,,,0
409,'1474111',923,,203,14,,,0
409,'1474112',953,,204,14,,,0
409,'1474113',1023,,205,14,,,0
409,'1474114',1053,,206,14,,,0
409,'1474115',1123,,207,14,,,0
409,'1474116',1153,,208,14,,,0
409,'1474117',1223,,209,14,,,0
409,'1474118',1253,,210,14,,,0
409,'1474119',1323,,211,14,,,0
409,'1474120',1353,,212,14,,,0
409,'1474121',1423,,213,14,,,0
409,'1474122',1453,,214,14,,,0
409,'1474123',1523,,215,14,,,0
409,'1474124',1553,,216,14,,,0
409,'1474125',1623,,217,14,,,0
409,'1474126',1653,,218,14,,,0
409,'1474127',1723,,219,14,,,0
409,'1474128',1753,,220,14,,,0
409,'1474129',1823,,221,14,,,0
409,'1474130',1853,,222,14,,,0
409,'1474131',1923,,223,14,,,0
409,'1474132',1953,,224,14,,,0
