2019,'1467963',1951,,650,10,,,0
2019,'1467965',1251,,651,10,,,0
2019,'1467968',1521,,652,10,,,0
2019,'1467975',1021,,653,10,,,0
2019,'1467991',1221,,654,10,,,0
2019,'1467993',1651,,655,10,,,0
2019,'1467994',851,,656,10,,,0
2019,'1468003',1351,,657,10,,,0
2019,'1468007',2151,,658,10,,,0
2019,'1468017',921,,659,10,,,0
2019,'1468027',1521,,660,10,,,0
2019,'1468031',1451,,661,10,,,0
2019,'1468034',1751,,662,10,,,0
2019,'1468038',951,,663,10,,,0
2019,'1468046',951,,664,10,,,0
2019,'1468054',851,,665,10,,,0
2019,'1468079',821,,666,10,,,0
2019,'1468088',2021,,667,10,,,0
2019,'1468109',1221,,668,10,,,0
2019,'1468126',1651,,669,10,,,0
2019,'1468127',751,,670,10,,,0
2019,'1468129',1051,,671,10,,,0
2019,'1468134',1851,,672,10,,,0
2019,'1468156',1821,,673,10,,,0
2019,'1468158',1721,,674,10,,,0
2019,'1468169',1321,,675,10,,,0
2019,'1468197',1321,,676,10,,,0
2019,'1468238',1121,,677,10,,,0
2019,'1468240',921,,678,10,,,0
2019,'1468243',1821,,679,10,,,0
2019,'1468250',1351,,680,10,,,0
2019,'1468284',1121,,681,10,,,0
2019,'1468288',1251,,682,10,,,0
2019,'1468289',1421,,683,10,,,0
2019,'1468293',1051,,684,10,,,0
2019,'1468302',1151,,685,10,,,0
2019,'1468306',1621,,686,10,,,0
2019,'1468315',1751,,687,10,,,0
2019,'1468319',2051,,688,10,,,0
2019,'1468325',1921,,689,10,,,0
2019,'1468342',1421,,690,10,,,0
2019,'1468357',1021,,691,10,,,0
2019,'1468388',621,,692,10,,,0
2019,'1468398',1621,,693,10,,,0
2019,'1468402',1851,,694,10,,,0
2019,'1468403',2221,,695,10,,,0
2019,'1468408',1721,,696,10,,,0
2019,'1468420',1451,,697,10,,,0
2019,'1468421',651,,698,10,,,0
2019,'1468443',1551,,699,10,,,0
2019,'1468446',2121,,700,10,,,0
2019,'1468448',721,,701,10,,,0
2019,'1468453',1151,,702,10,,,0
2019,'1468457',1921,,703,10,,,0
2019,'1468479',1551,,704,10,,,0
2019,'1468482',1951,,705,10,,,0
