1019,'1456814',1428,,1,11,,,0
1019,'1456819',1558,,2,11,,,0
1019,'1456824',1828,,3,11,,,0
1019,'1456829',858,,4,11,,,0
1019,'1456834',928,,5,11,,,0
1019,'1456836',1828,,6,11,,,0
1019,'1456837',658,,7,11,,,0
1019,'1456840',1758,,8,11,,,0
1019,'1456877',928,,9,11,,,0
1019,'1456880',628,,10,11,,,0
1019,'1456889',1628,,11,11,,,0
1019,'1456915',1028,,12,11,,,0
1019,'1456918',1858,,13,11,,,0
1019,'1456919',1628,,14,11,,,0
1019,'1456920',2128,,15,11,,,0
1019,'1456950',828,,16,11,,,0
1019,'1456960',1158,,17,11,,,0
1019,'1456962',1258,,18,11,,,0
1019,'1456984',1058,,19,11,,,0
1019,'1456985',2028,,20,11,,,0
1019,'1457004',758,,21,11,,,0
1019,'1457017',1228,,22,11,,,0
1019,'1457020',1758,,23,11,,,0
1019,'1457022',1328,,24,11,,,0
1019,'1457029',2158,,25,11,,,0
1019,'1457030',2058,,26,11,,,0
1019,'1457036',1928,,27,11,,,0
1019,'1457038',1458,,28,11,,,0
1019,'1457041',1558,,29,11,,,0
1019,'1457072',858,,30,11,,,0
1019,'1457093',1528,,31,11,,,0
1019,'1457107',728,,32,11,,,0
1019,'1457111',1028,,33,11,,,0
1019,'1457122',958,,34,11,,,0
1019,'1457126',1958,,35,11,,,0
1019,'1457134',1858,,36,11,,,0
1019,'1457138',1658,,37,11,,,0
1019,'1457157',1128,,38,11,,,0
1019,'1457178',1358,,39,11,,,0
1019,'1457184',1428,,40,11,,,0
1019,'1457201',1258,,41,11,,,0
1019,'1457203',1158,,42,11,,,0
1019,'1457208',1958,,43,11,,,0
1019,'1457212',1358,,44,11,,,0
1019,'1457238',1658,,45,11,,,0
1019,'1457256',1128,,46,11,,,0
1019,'1457268',1728,,47,11,,,0
1019,'1457283',1728,,48,11,,,0
1019,'1457290',2228,,49,11,,,0
1019,'1457302',1528,,50,11,,,0
1019,'1457309',1928,,51,11,,,0
1019,'1457336',1058,,52,11,,,0
1019,'1457337',958,,53,11,,,0
1019,'1457368',1228,,54,11,,,0
1019,'1457373',1328,,55,11,,,0
1019,'1457382',1458,,56,11,,,0
