709,'1471238',902,,337,17,,,0
709,'1471239',932,,338,17,,,0
709,'1471240',1002,,339,17,,,0
709,'1471241',1032,,340,17,,,0
709,'1471242',1102,,341,17,,,0
709,'1471243',1132,,342,17,,,0
709,'1471244',1202,,343,17,,,0
709,'1471245',1232,,344,17,,,0
709,'1471246',1302,,345,17,,,0
709,'1471247',1332,,346,17,,,0
709,'1471248',1402,,347,17,,,0
709,'1471249',1432,,348,17,,,0
709,'1471250',1502,,349,17,,,0
709,'1471251',1532,,350,17,,,0
709,'1471252',1602,,351,17,,,0
709,'1471253',1632,,352,17,,,0
709,'1471254',1702,,353,17,,,0
709,'1471255',1732,,354,17,,,0
709,'1471256',1802,,355,17,,,0
709,'1471257',1832,,356,17,,,0
709,'1471258',1902,,357,17,,,0
709,'1471259',1932,,358,17,,,0
709,'1471260',2002,,359,17,,,0
709,'1480384',629,,360,17,,,0
709,'1480385',659,,361,17,,,0
709,'1480386',729,,362,17,,,0
709,'1480387',759,,363,17,,,0
709,'1480388',829,,364,17,,,0
709,'1480389',859,,365,17,,,0
709,'1480390',929,,366,17,,,0
709,'1480391',959,,367,17,,,0
709,'1480392',1029,,368,17,,,0
709,'1480393',1059,,369,17,,,0
709,'1480394',1129,,370,17,,,0
709,'1480395',1159,,371,17,,,0
709,'1480396',1229,,372,17,,,0
709,'1480397',1259,,373,17,,,0
709,'1480398',1329,,374,17,,,0
709,'1480399',1359,,375,17,,,0
709,'1480400',1429,,376,17,,,0
709,'1480401',1459,,377,17,,,0
709,'1480402',1529,,378,17,,,0
709,'1480403',1559,,379,17,,,0
709,'1480404',1629,,380,17,,,0
709,'1480405',1659,,381,17,,,0
709,'1480406',1729,,382,17,,,0
709,'1480407',1759,,383,17,,,0
709,'1480408',1829,,384,17,,,0
709,'1480409',1859,,385,17,,,0
709,'1480410',1929,,386,17,,,0
709,'1480411',1959,,387,17,,,0
709,'1480412',2029,,388,17,,,0
709,'1480413',2059,,389,17,,,0
709,'1480414',2129,,390,17,,,0
709,'1480415',2159,,391,17,,,0
709,'1480416',2229,,392,17,,,0
