1019,'1456814',1437,,1,23,,,0
1019,'1456819',1607,,2,23,,,0
1019,'1456824',1837,,3,23,,,0
1019,'1456829',907,,4,23,,,0
1019,'1456834',937,,5,23,,,0
1019,'1456836',1837,,6,23,,,0
1019,'1456837',707,,7,23,,,0
1019,'1456840',1807,,8,23,,,0
1019,'1456877',937,,9,23,,,0
1019,'1456880',637,,10,23,,,0
1019,'1456889',1637,,11,23,,,0
1019,'1456915',1037,,12,23,,,0
1019,'1456918',1907,,13,23,,,0
1019,'1456919',1637,,14,23,,,0
1019,'1456920',2137,,15,23,,,0
1019,'1456950',837,,16,23,,,0
1019,'1456960',1207,,17,23,,,0
1019,'1456962',1307,,18,23,,,0
1019,'1456984',1107,,19,23,,,0
1019,'1456985',2037,,20,23,,,0
1019,'1457004',807,,21,23,,,0
1019,'1457017',1237,,22,23,,,0
1019,'1457020',1807,,23,23,,,0
1019,'1457022',1337,,24,23,,,0
1019,'1457029',2207,,25,23,,,0
1019,'1457030',2107,,26,23,,,0
1019,'1457036',1937,,27,23,,,0
1019,'1457038',1507,,28,23,,,0
1019,'1457041',1607,,29,23,,,0
1019,'1457072',907,,30,23,,,0
1019,'1457093',1537,,31,23,,,0
1019,'1457107',737,,32,23,,,0
1019,'1457111',1037,,33,23,,,0
1019,'1457122',1007,,34,23,,,0
1019,'1457126',2007,,35,23,,,0
1019,'1457134',1907,,36,23,,,0
1019,'1457138',1707,,37,23,,,0
1019,'1457157',1137,,38,23,,,0
1019,'1457178',1407,,39,23,,,0
1019,'1457184',1437,,40,23,,,0
1019,'1457201',1307,,41,23,,,0
1019,'1457203',1207,,42,23,,,0
1019,'1457208',2007,,43,23,,,0
1019,'1457212',1407,,44,23,,,0
1019,'1457238',1707,,45,23,,,0
1019,'1457256',1137,,46,23,,,0
1019,'1457268',1737,,47,23,,,0
1019,'1457283',1737,,48,23,,,0
1019,'1457290',2237,,49,23,,,0
1019,'1457302',1537,,50,23,,,0
1019,'1457309',1937,,51,23,,,0
1019,'1457336',1107,,52,23,,,0
1019,'1457337',1007,,53,23,,,0
1019,'1457368',1237,,54,23,,,0
1019,'1457373',1337,,55,23,,,0
1019,'1457382',1507,,56,23,,,0
3019,'1442631',1129,,706,22,,,0
3019,'1442675',1429,,707,22,,,0
3019,'1442733',1129,,708,22,,,0
3019,'1442752',2029,,709,22,,,0
3019,'1443103',1829,,710,22,,,0
3019,'1443204',1029,,711,22,,,0
3019,'1443220',1529,,712,22,,,0
3019,'1443234',2229,,713,22,,,0
3019,'1443313',1929,,714,22,,,0
3019,'1443385',1229,,715,22,,,0
3019,'1443475',1729,,716,22,,,0
3019,'1443501',1629,,717,22,,,0
3019,'1443646',629,,718,22,,,0
3019,'1443682',1329,,719,22,,,0
3019,'1443691',1729,,720,22,,,0
3019,'1443873',1929,,721,22,,,0
3019,'1443914',1329,,722,22,,,0
3019,'1443932',1029,,723,22,,,0
3019,'1444023',1429,,724,22,,,0
3019,'1444126',1829,,725,22,,,0
3019,'1444142',929,,726,22,,,0
3019,'1444180',929,,727,22,,,0
3019,'1444241',1629,,728,22,,,0
3019,'1444339',2129,,729,22,,,0
3019,'1444435',1529,,730,22,,,0
3019,'1444530',829,,731,22,,,0
3019,'1444556',1229,,732,22,,,0
3019,'1444662',729,,733,22,,,0
3029,'1402545',1557,,734,20,,,0
3029,'1402556',1357,,735,20,,,0
3029,'1402591',857,,736,20,,,0
3029,'1402611',1957,,737,20,,,0
3029,'1402624',1457,,738,20,,,0
3029,'1402656',1257,,739,20,,,0
3029,'1402688',1757,,740,20,,,0
3029,'1402691',1657,,741,20,,,0
3029,'1402699',957,,742,20,,,0
3029,'1402712',1457,,743,20,,,0
3029,'1402767',1557,,744,20,,,0
3029,'1402779',1257,,745,20,,,0
3029,'1402786',757,,746,20,,,0
3029,'1402795',1757,,747,20,,,0
3029,'1402803',1057,,748,20,,,0
3029,'1402809',657,,749,20,,,0
3029,'1402841',957,,750,20,,,0
3029,'1402852',2157,,751,20,,,0
3029,'1402874',1857,,752,20,,,0
3029,'1402905',1057,,753,20,,,0
3029,'1402920',857,,754,20,,,0
3029,'1402929',1157,,755,20,,,0
3029,'1402937',1657,,756,20,,,0
3029,'1402949',1157,,757,20,,,0
3029,'1403010',2057,,758,20,,,0
3029,'1403018',1857,,759,20,,,0
3029,'1403044',1357,,760,20,,,0
3029,'1450947',2000,,594,20,,,0
