8019,'1489412',635,,281,18,,,0
8019,'1489413',705,,282,18,,,0
8019,'1489414',735,,283,18,,,0
8019,'1489415',805,,284,18,,,0
8019,'1489416',835,,285,18,,,0
8019,'1489417',905,,286,18,,,0
8019,'1489418',935,,287,18,,,0
8019,'1489419',1005,,288,18,,,0
8019,'1489420',1035,,289,18,,,0
8019,'1489421',1105,,290,18,,,0
8019,'1489422',1135,,291,18,,,0
8019,'1489423',1205,,292,18,,,0
8019,'1489424',1235,,293,18,,,0
8019,'1489425',1305,,294,18,,,0
8019,'1489426',1335,,295,18,,,0
8019,'1489427',1405,,296,18,,,0
8019,'1489428',1435,,297,18,,,0
8019,'1489429',1505,,298,18,,,0
8019,'1489430',1535,,299,18,,,0
8019,'1489431',1605,,300,18,,,0
8019,'1489432',1635,,301,18,,,0
8019,'1489433',1705,,302,18,,,0
8019,'1489434',1735,,303,18,,,0
8019,'1489435',1805,,304,18,,,0
8019,'1489436',1835,,305,18,,,0
8019,'1489437',1905,,306,18,,,0
8019,'1489438',1935,,307,18,,,0
8019,'1489439',2005,,308,18,,,0
8019,'1489440',2035,,309,18,,,0
8019,'1489441',2105,,310,18,,,0
8019,'1489442',2135,,311,18,,,0
8019,'1489443',2205,,312,18,,,0
8019,'1489444',2235,,313,18,,,0
8019,'1489445',905,,314,18,,,0
8019,'1489446',935,,315,18,,,0
8019,'1489447',1005,,316,18,,,0
8019,'1489448',1035,,317,18,,,0
8019,'1489449',1105,,318,18,,,0
8019,'1489450',1135,,319,18,,,0
8019,'1489451',1205,,320,18,,,0
8019,'1489452',1235,,321,18,,,0
8019,'1489453',1305,,322,18,,,0
8019,'1489454',1335,,323,18,,,0
8019,'1489455',1405,,324,18,,,0
8019,'1489456',1435,,325,18,,,0
8019,'1489457',1505,,326,18,,,0
8019,'1489458',1535,,327,18,,,0
8019,'1489459',1605,,328,18,,,0
8019,'1489460',1635,,329,18,,,0
8019,'1489461',1705,,330,18,,,0
8019,'1489462',1735,,331,18,,,0
8019,'1489463',1805,,332,18,,,0
8019,'1489464',1835,,333,18,,,0
8019,'1489465',1905,,334,18,,,0
8019,'1489466',1935,,335,18,,,0
8019,'1489467',2005,,336,18,,,0
