109,'1456814',1415,,1,1,,,0
109,'1456819',1545,,2,1,,,0
109,'1456824',1815,,3,1,,,0
109,'1456829',845,,4,1,,,0
109,'1456834',915,,5,1,,,0
109,'1456836',1815,,6,1,,,0
109,'1456837',645,,7,1,,,0
109,'1456840',1745,,8,1,,,0
109,'1456877',915,,9,1,,,0
109,'1456880',615,,10,1,,,0
109,'1456889',1615,,11,1,,,0
109,'1456915',1015,,12,1,,,0
109,'1456918',1845,,13,1,,,0
109,'1456919',1615,,14,1,,,0
109,'1456920',2115,,15,1,,,0
109,'1456950',815,,16,1,,,0
109,'1456960',1145,,17,1,,,0
109,'1456962',1245,,18,1,,,0
109,'1456984',1045,,19,1,,,0
109,'1456985',2015,,20,1,,,0
109,'1457004',745,,21,1,,,0
109,'1457017',1215,,22,1,,,0
109,'1457020',1745,,23,1,,,0
109,'1457022',1315,,24,1,,,0
109,'1457029',2145,,25,1,,,0
109,'1457030',2045,,26,1,,,0
109,'1457036',1915,,27,1,,,0
109,'1457038',1445,,28,1,,,0
109,'1457041',1545,,29,1,,,0
109,'1457072',845,,30,1,,,0
109,'1457093',1515,,31,1,,,0
109,'1457107',715,,32,1,,,0
109,'1457111',1015,,33,1,,,0
109,'1457122',945,,34,1,,,0
109,'1457126',1945,,35,1,,,0
109,'1457134',1845,,36,1,,,0
109,'1457138',1645,,37,1,,,0
109,'1457157',1115,,38,1,,,0
109,'1457178',1345,,39,1,,,0
109,'1457184',1415,,40,1,,,0
109,'1457201',1245,,41,1,,,0
109,'1457203',1145,,42,1,,,0
109,'1457208',1945,,43,1,,,0
109,'1457212',1345,,44,1,,,0
109,'1457238',1645,,45,1,,,0
109,'1457256',1115,,46,1,,,0
109,'1457268',1715,,47,1,,,0
109,'1457283',1715,,48,1,,,0
109,'1457290',2215,,49,1,,,0
109,'1457302',1515,,50,1,,,0
109,'1457309',1915,,51,1,,,0
109,'1457336',1045,,52,1,,,0
109,'1457337',945,,53,1,,,0
109,'1457368',1215,,54,1,,,0
109,'1457373',1315,,55,1,,,0
109,'1457382',1445,,56,1,,,0
309,'1470829',2015,,113,42,4,,0
309,'1479876',715,,114,42,4,,0
309,'1479877',815,,115,42,4,,0
309,'1479878',915,,116,42,4,,0
309,'1479879',1015,,117,42,4,,0
309,'1479880',1115,,118,42,4,,0
309,'1479881',1215,,119,42,4,,0
309,'1479882',1315,,120,42,4,,0
309,'1479883',1415,,121,42,4,,0
309,'1479884',1515,,122,42,4,,0
309,'1479885',1615,,123,42,4,,0
309,'1479886',1715,,124,42,4,,0
309,'1479887',1815,,125,42,4,,0
309,'1479888',1915,,126,42,4,,0
309,'1479889',2015,,127,42,4,,0
309,'1479890',2115,,128,42,4,,0
309,'1479891',2215,,129,42,4,,0
309,'1479892',915,,130,42,4,,0
309,'1479893',1015,,131,42,4,,0
309,'1479894',1115,,132,42,4,,0
309,'1479895',1215,,133,42,4,,0
309,'1479896',1315,,134,42,4,,0
309,'1479897',1415,,135,42,4,,0
309,'1479898',1515,,136,42,4,,0
309,'1479899',1615,,137,42,4,,0
309,'1479900',1715,,138,42,4,,0
309,'1479901',1815,,139,42,4,,0
309,'1479902',1915,,140,42,4,,0
309,'1489542',645,,141,43,4,,0
309,'1489543',745,,142,43,4,,0
309,'1489544',845,,143,43,4,,0
309,'1489545',945,,144,43,4,,0
309,'1489546',1045,,145,43,4,,0
309,'1489547',1145,,146,43,4,,0
309,'1489548',1245,,147,43,4,,0
309,'1489549',1345,,148,43,4,,0
309,'1489550',1445,,149,43,4,,0
309,'1489551',1545,,150,43,4,,0
309,'1489552',1645,,151,43,4,,0
309,'1489553',1745,,152,43,4,,0
309,'1489554',1845,,153,43,4,,0
309,'1489555',1945,,154,43,4,,0
309,'1489556',2045,,155,43,4,,0
309,'1489557',2145,,156,43,4,,0
309,'1489558',2245,,157,43,4,,0
309,'1489559',945,,158,43,4,,0
309,'1489560',1045,,159,43,4,,0
309,'1489561',1145,,160,43,4,,0
309,'1489562',1245,,161,43,4,,0
309,'1489563',1345,,162,43,4,,0
309,'1489564',1445,,163,43,4,,0
309,'1489565',1545,,164,43,4,,0
309,'1489566',1645,,165,43,4,,0
309,'1489567',1745,,166,43,4,,0
309,'1489568',1845,,167,43,4,,0
309,'1489569',1945,,168,43,4,,0
