409,'1474077',617,,169,5,,,0
409,'1474078',647,,170,5,,,0
409,'1474079',717,,171,5,,,0
409,'1474080',747,,172,5,,,0
409,'1474081',817,,173,5,,,0
409,'1474082',847,,174,5,,,0
409,'1474083',917,,175,5,,,0
409,'1474084',947,,176,5,,,0
409,'1474085',1017,,177,5,,,0
409,'1474086',1047,,178,5,,,0
409,'1474087',1117,,179,5,,,0
409,'1474088',1147,,180,5,,,0
409,'1474089',1217,,181,5,,,0
409,'1474090',1247,,182,5,,,0
409,'1474091',1317,,183,5,,,0
409,'1474092',1347,,184,5,,,0
409,'1474093',1417,,185,5,,,0
409,'1474094',1447,,186,5,,,0
409,'1474095',1517,,187,5,,,0
409,'1474096',1547,,188,5,,,0
409,'1474097',1617,,189,5,,,0
409,'1474098',1647,,190,5,,,0
409,'1474099',1717,,191,5,,,0
409,'1474100',1747,,192,5,,,0
409,'1474101',1817,,193,5,,,0
409,'1474102',1847,,194,5,,,0
409,'1474103',1917,,195,5,,,0
409,'1474104',1947,,196,5,,,0
409,'1474105',2017,,197,5,,,0
409,'1474106',2047,,198,5,,,0
409,'1474107',2117,,199,5,,,0
409,'1474108',2147,,200,5,,,0
409,'1474109',2217,,201,5,,,0
409,'1474110',847,,202,5,,,0
409,'1474111',917,,203,5,,,0
409,'1474112',947,,204,5,,,0
409,'1474113',1017,,205,5,,,0
409,'1474114',1047,,206,5,,,0
409,'1474115',1117,,207,5,,,0
409,'1474116',1147,,208,5,,,0
409,'1474117',1217,,209,5,,,0
409,'1474118',1247,,210,5,,,0
409,'1474119',1317,,211,5,,,0
409,'1474120',1347,,212,5,,,0
409,'1474121',1417,,213,5,,,0
409,'1474122',1447,,214,5,,,0
409,'1474123',1517,,215,5,,,0
409,'1474124',1547,,216,5,,,0
409,'1474125',1617,,217,5,,,0
409,'1474126',1647,,218,5,,,0
409,'1474127',1717,,219,5,,,0
409,'1474128',1747,,220,5,,,0
409,'1474129',1817,,221,5,,,0
409,'1474130',1847,,222,5,,,0
409,'1474131',1917,,223,5,,,0
409,'1474132',1947,,224,5,,,0
709,'1473149',849,,225,5,,,0
709,'1473150',919,,226,5,,,0
709,'1473151',949,,227,5,,,0
709,'1473152',1019,,228,5,,,0
709,'1473153',1049,,229,5,,,0
709,'1473154',1119,,230,5,,,0
709,'1473155',1149,,231,5,,,0
709,'1473156',1219,,232,5,,,0
709,'1473157',1249,,233,5,,,0
709,'1473158',1319,,234,5,,,0
709,'1473159',1349,,235,5,,,0
709,'1473160',1419,,236,5,,,0
709,'1473161',1449,,237,5,,,0
709,'1473162',1519,,238,5,,,0
709,'1473163',1549,,239,5,,,0
709,'1473164',1619,,240,5,,,0
709,'1473165',1649,,241,5,,,0
709,'1473166',1719,,242,5,,,0
709,'1473167',1749,,243,5,,,0
709,'1473168',1819,,244,5,,,0
709,'1473169',1849,,245,5,,,0
709,'1473170',1919,,246,5,,,0
709,'1473171',1949,,247,5,,,0
709,'1489570',616,,248,5,,,0
709,'1489571',646,,249,5,,,0
709,'1489572',716,,250,5,,,0
709,'1489573',746,,251,5,,,0
709,'1489574',816,,252,5,,,0
709,'1489575',846,,253,5,,,0
709,'1489576',916,,254,5,,,0
709,'1489577',946,,255,5,,,0
709,'1489578',1016,,256,5,,,0
709,'1489579',1046,,257,5,,,0
709,'1489580',1116,,258,5,,,0
709,'1489581',1146,,259,5,,,0
709,'1489582',1216,,260,5,,,0
709,'1489583',1246,,261,5,,,0
709,'1489584',1316,,262,5,,,0
709,'1489585',1346,,263,5,,,0
709,'1489586',1416,,264,5,,,0
709,'1489587',1446,,265,5,,,0
709,'1489588',1516,,266,5,,,0
709,'1489589',1546,,267,5,,,0
709,'1489590',1616,,268,5,,,0
709,'1489591',1646,,269,5,,,0
709,'1489592',1716,,270,5,,,0
709,'1489593',1746,,271,5,,,0
709,'1489594',1816,,272,5,,,0
709,'1489595',1846,,273,5,,,0
709,'1489596',1916,,274,5,,,0
709,'1489597',1946,,275,5,,,0
709,'1489598',2016,,276,5,,,0
709,'1489599',2046,,277,5,,,0
709,'1489600',2116,,278,5,,,0
709,'1489601',2146,,279,5,,,0
709,'1489602',2216,,280,5,,,0
