709,'1473149',903,,225,20,,,0
709,'1473150',933,,226,20,,,0
709,'1473151',1003,,227,20,,,0
709,'1473152',1033,,228,20,,,0
709,'1473153',1103,,229,20,,,0
709,'1473154',1133,,230,20,,,0
709,'1473155',1203,,231,20,,,0
709,'1473156',1233,,232,20,,,0
709,'1473157',1303,,233,20,,,0
709,'1473158',1333,,234,20,,,0
709,'1473159',1403,,235,20,,,0
709,'1473160',1433,,236,20,,,0
709,'1473161',1503,,237,20,,,0
709,'1473162',1533,,238,20,,,0
709,'1473163',1603,,239,20,,,0
709,'1473164',1633,,240,20,,,0
709,'1473165',1703,,241,20,,,0
709,'1473166',1733,,242,20,,,0
709,'1473167',1803,,243,20,,,0
709,'1473168',1833,,244,20,,,0
709,'1473169',1903,,245,20,,,0
709,'1473170',1933,,246,20,,,0
709,'1473171',2003,,247,20,,,0
709,'1489570',631,,248,20,,,0
709,'1489571',701,,249,20,,,0
709,'1489572',731,,250,20,,,0
709,'1489573',801,,251,20,,,0
709,'1489574',831,,252,20,,,0
709,'1489575',901,,253,20,,,0
709,'1489576',931,,254,20,,,0
709,'1489577',1001,,255,20,,,0
709,'1489578',1031,,256,20,,,0
709,'1489579',1101,,257,20,,,0
709,'1489580',1131,,258,20,,,0
709,'1489581',1201,,259,20,,,0
709,'1489582',1231,,260,20,,,0
709,'1489583',1301,,261,20,,,0
709,'1489584',1331,,262,20,,,0
709,'1489585',1401,,263,20,,,0
709,'1489586',1431,,264,20,,,0
709,'1489587',1501,,265,20,,,0
709,'1489588',1531,,266,20,,,0
709,'1489589',1601,,267,20,,,0
709,'1489590',1631,,268,20,,,0
709,'1489591',1701,,269,20,,,0
709,'1489592',1731,,270,20,,,0
709,'1489593',1801,,271,20,,,0
709,'1489594',1831,,272,20,,,0
709,'1489595',1901,,273,20,,,0
709,'1489596',1931,,274,20,,,0
709,'1489597',2001,,275,20,,,0
709,'1489598',2031,,276,20,,,0
709,'1489599',2101,,277,20,,,0
709,'1489600',2131,,278,20,,,0
709,'1489601',2201,,279,20,,,0
709,'1489602',2231,,280,20,,,0
