4019,'1492568',641,,761,33,,,0
4019,'1492569',711,,762,33,,,0
4019,'1492570',741,,763,33,,,0
4019,'1492571',811,,764,33,,,0
4019,'1492572',841,,765,33,,,0
4019,'1492573',911,,766,33,,,0
4019,'1492574',941,,767,33,,,0
4019,'1492575',1011,,768,33,,,0
4019,'1492576',1041,,769,33,,,0
4019,'1492577',1111,,770,33,,,0
4019,'1492578',1141,,771,33,,,0
4019,'1492579',1211,,772,33,,,0
4019,'1492580',1241,,773,33,,,0
4019,'1492581',1311,,774,33,,,0
4019,'1492582',1341,,775,33,,,0
4019,'1492583',1411,,776,33,,,0
4019,'1492584',1441,,777,33,,,0
4019,'1492585',1511,,778,33,,,0
4019,'1492586',1541,,779,33,,,0
4019,'1492587',1611,,780,33,,,0
4019,'1492588',1641,,781,33,,,0
4019,'1492589',1711,,782,33,,,0
4019,'1492590',1741,,783,33,,,0
4019,'1492591',1811,,784,33,,,0
4019,'1492592',1841,,785,33,,,0
4019,'1492593',1911,,786,33,,,0
4019,'1492594',1941,,787,33,,,0
4019,'1492595',2011,,788,33,,,0
4019,'1492596',2041,,789,33,,,0
4019,'1492597',2111,,790,33,,,0
4019,'1492598',2141,,791,33,,,0
4019,'1492599',2211,,792,33,,,0
4019,'1492600',2241,,793,33,,,0
4019,'1492601',911,,794,33,,,0
4019,'1492602',941,,795,33,,,0
4019,'1492603',1011,,796,33,,,0
4019,'1492604',1041,,797,33,,,0
4019,'1492605',1111,,798,33,,,0
4019,'1492606',1141,,799,33,,,0
4019,'1492607',1211,,800,33,,,0
4019,'1492608',1241,,801,33,,,0
4019,'1492609',1311,,802,33,,,0
4019,'1492610',1341,,803,33,,,0
4019,'1492611',1411,,804,33,,,0
4019,'1492612',1441,,805,33,,,0
4019,'1492613',1511,,806,33,,,0
4019,'1492614',1541,,807,33,,,0
4019,'1492615',1611,,808,33,,,0
4019,'1492616',1641,,809,33,,,0
4019,'1492617',1711,,810,33,,,0
4019,'1492618',1741,,811,33,,,0
4019,'1492619',1811,,812,33,,,0
4019,'1492620',1841,,813,33,,,0
4019,'1492621',1911,,814,33,,,0
4019,'1492622',1941,,815,33,,,0
4019,'1492623',2011,,816,33,,,0
