809,'1489412',640,,281,21,,,0
809,'1489413',710,,282,21,,,0
809,'1489414',740,,283,21,,,0
809,'1489415',810,,284,21,,,0
809,'1489416',840,,285,21,,,0
809,'1489417',910,,286,21,,,0
809,'1489418',940,,287,21,,,0
809,'1489419',1010,,288,21,,,0
809,'1489420',1040,,289,21,,,0
809,'1489421',1110,,290,21,,,0
809,'1489422',1140,,291,21,,,0
809,'1489423',1210,,292,21,,,0
809,'1489424',1240,,293,21,,,0
809,'1489425',1310,,294,21,,,0
809,'1489426',1340,,295,21,,,0
809,'1489427',1410,,296,21,,,0
809,'1489428',1440,,297,21,,,0
809,'1489429',1510,,298,21,,,0
809,'1489430',1540,,299,21,,,0
809,'1489431',1610,,300,21,,,0
809,'1489432',1640,,301,21,,,0
809,'1489433',1710,,302,21,,,0
809,'1489434',1740,,303,21,,,0
809,'1489435',1810,,304,21,,,0
809,'1489436',1840,,305,21,,,0
809,'1489437',1910,,306,21,,,0
809,'1489438',1940,,307,21,,,0
809,'1489439',2010,,308,21,,,0
809,'1489440',2040,,309,21,,,0
809,'1489441',2110,,310,21,,,0
809,'1489442',2140,,311,21,,,0
809,'1489443',2210,,312,21,,,0
809,'1489444',2240,,313,21,,,0
809,'1489445',910,,314,21,,,0
809,'1489446',940,,315,21,,,0
809,'1489447',1010,,316,21,,,0
809,'1489448',1040,,317,21,,,0
809,'1489449',1110,,318,21,,,0
809,'1489450',1140,,319,21,,,0
809,'1489451',1210,,320,21,,,0
809,'1489452',1240,,321,21,,,0
809,'1489453',1310,,322,21,,,0
809,'1489454',1340,,323,21,,,0
809,'1489455',1410,,324,21,,,0
809,'1489456',1440,,325,21,,,0
809,'1489457',1510,,326,21,,,0
809,'1489458',1540,,327,21,,,0
809,'1489459',1610,,328,21,,,0
809,'1489460',1640,,329,21,,,0
809,'1489461',1710,,330,21,,,0
809,'1489462',1740,,331,21,,,0
809,'1489463',1810,,332,21,,,0
809,'1489464',1840,,333,21,,,0
809,'1489465',1910,,334,21,,,0
809,'1489466',1940,,335,21,,,0
809,'1489467',2010,,336,21,,,0
