4019,'1492568',630,,761,22,,,0
4019,'1492569',700,,762,22,,,0
4019,'1492570',730,,763,22,,,0
4019,'1492571',800,,764,22,,,0
4019,'1492572',830,,765,22,,,0
4019,'1492573',900,,766,22,,,0
4019,'1492574',930,,767,22,,,0
4019,'1492575',1000,,768,22,,,0
4019,'1492576',1030,,769,22,,,0
4019,'1492577',1100,,770,22,,,0
4019,'1492578',1130,,771,22,,,0
4019,'1492579',1200,,772,22,,,0
4019,'1492580',1230,,773,22,,,0
4019,'1492581',1300,,774,22,,,0
4019,'1492582',1330,,775,22,,,0
4019,'1492583',1400,,776,22,,,0
4019,'1492584',1430,,777,22,,,0
4019,'1492585',1500,,778,22,,,0
4019,'1492586',1530,,779,22,,,0
4019,'1492587',1600,,780,22,,,0
4019,'1492588',1630,,781,22,,,0
4019,'1492589',1700,,782,22,,,0
4019,'1492590',1730,,783,22,,,0
4019,'1492591',1800,,784,22,,,0
4019,'1492592',1830,,785,22,,,0
4019,'1492593',1900,,786,22,,,0
4019,'1492594',1930,,787,22,,,0
4019,'1492595',2000,,788,22,,,0
4019,'1492596',2030,,789,22,,,0
4019,'1492597',2100,,790,22,,,0
4019,'1492598',2130,,791,22,,,0
4019,'1492599',2200,,792,22,,,0
4019,'1492600',2230,,793,22,,,0
4019,'1492601',900,,794,22,,,0
4019,'1492602',930,,795,22,,,0
4019,'1492603',1000,,796,22,,,0
4019,'1492604',1030,,797,22,,,0
4019,'1492605',1100,,798,22,,,0
4019,'1492606',1130,,799,22,,,0
4019,'1492607',1200,,800,22,,,0
4019,'1492608',1230,,801,22,,,0
4019,'1492609',1300,,802,22,,,0
4019,'1492610',1330,,803,22,,,0
4019,'1492611',1400,,804,22,,,0
4019,'1492612',1430,,805,22,,,0
4019,'1492613',1500,,806,22,,,0
4019,'1492614',1530,,807,22,,,0
4019,'1492615',1600,,808,22,,,0
4019,'1492616',1630,,809,22,,,0
4019,'1492617',1700,,810,22,,,0
4019,'1492618',1730,,811,22,,,0
4019,'1492619',1800,,812,22,,,0
4019,'1492620',1830,,813,22,,,0
4019,'1492621',1900,,814,22,,,0
4019,'1492622',1930,,815,22,,,0
4019,'1492623',2000,,816,22,,,0
