109,'1456814',1423,,1,9,,,0
109,'1456819',1553,,2,9,,,0
109,'1456824',1823,,3,9,,,0
109,'1456829',853,,4,9,,,0
109,'1456834',923,,5,9,,,0
109,'1456836',1823,,6,9,,,0
109,'1456837',653,,7,9,,,0
109,'1456840',1753,,8,9,,,0
109,'1456877',923,,9,9,,,0
109,'1456880',623,,10,9,,,0
109,'1456889',1623,,11,9,,,0
109,'1456915',1023,,12,9,,,0
109,'1456918',1853,,13,9,,,0
109,'1456919',1623,,14,9,,,0
109,'1456920',2123,,15,9,,,0
109,'1456950',823,,16,9,,,0
109,'1456960',1153,,17,9,,,0
109,'1456962',1253,,18,9,,,0
109,'1456984',1053,,19,9,,,0
109,'1456985',2023,,20,9,,,0
109,'1457004',753,,21,9,,,0
109,'1457017',1223,,22,9,,,0
109,'1457020',1753,,23,9,,,0
109,'1457022',1323,,24,9,,,0
109,'1457029',2153,,25,9,,,0
109,'1457030',2053,,26,9,,,0
109,'1457036',1923,,27,9,,,0
109,'1457038',1453,,28,9,,,0
109,'1457041',1553,,29,9,,,0
109,'1457072',853,,30,9,,,0
109,'1457093',1523,,31,9,,,0
109,'1457107',723,,32,9,,,0
109,'1457111',1023,,33,9,,,0
109,'1457122',953,,34,9,,,0
109,'1457126',1953,,35,9,,,0
109,'1457134',1853,,36,9,,,0
109,'1457138',1653,,37,9,,,0
109,'1457157',1123,,38,9,,,0
109,'1457178',1353,,39,9,,,0
109,'1457184',1423,,40,9,,,0
109,'1457201',1253,,41,9,,,0
109,'1457203',1153,,42,9,,,0
109,'1457208',1953,,43,9,,,0
109,'1457212',1353,,44,9,,,0
109,'1457238',1653,,45,9,,,0
109,'1457256',1123,,46,9,,,0
109,'1457268',1723,,47,9,,,0
109,'1457283',1723,,48,9,,,0
109,'1457290',2223,,49,9,,,0
109,'1457302',1523,,50,9,,,0
109,'1457309',1923,,51,9,,,0
109,'1457336',1053,,52,9,,,0
109,'1457337',953,,53,9,,,0
109,'1457368',1223,,54,9,,,0
109,'1457373',1323,,55,9,,,0
109,'1457382',1453,,56,9,,,0
