8019,'1489412',615,,281,1,,,0,30,,281,25,4,,0
8019,'1489413',645,,282,1,,,0,70,,282,25,4,,0
8019,'1489414',715,,283,1,,,0,30,,283,25,4,,0
8019,'1489415',745,,284,1,,,0,70,,284,25,4,,0
8019,'1489416',815,,285,1,,,0,30,,285,25,4,,0
8019,'1489417',845,,286,1,,,0,70,,286,25,4,,0
8019,'1489418',915,,287,1,,,0,30,,287,25,4,,0
8019,'1489419',945,,288,1,,,0,70,,288,25,4,,0
8019,'1489420',1015,,289,1,,,0,30,,289,25,4,,0
8019,'1489421',1045,,290,1,,,0,70,,290,25,4,,0
8019,'1489422',1115,,291,1,,,0,30,,291,25,4,,0
8019,'1489423',1145,,292,1,,,0,70,,292,25,4,,0
8019,'1489424',1215,,293,1,,,0,30,,293,25,4,,0
8019,'1489425',1245,,294,1,,,0,70,,294,25,4,,0
8019,'1489426',1315,,295,1,,,0,30,,295,25,4,,0
8019,'1489427',1345,,296,1,,,0,70,,296,25,4,,0
8019,'1489428',1415,,297,1,,,0,30,,297,25,4,,0
8019,'1489429',1445,,298,1,,,0,70,,298,25,4,,0
8019,'1489430',1515,,299,1,,,0,30,,299,25,4,,0
8019,'1489431',1545,,300,1,,,0,70,,300,25,4,,0
8019,'1489432',1615,,301,1,,,0,30,,301,25,4,,0
8019,'1489433',1645,,302,1,,,0,70,,302,25,4,,0
8019,'1489434',1715,,303,1,,,0,30,,303,25,4,,0
8019,'1489435',1745,,304,1,,,0,70,,304,25,4,,0
8019,'1489436',1815,,305,1,,,0,30,,305,25,4,,0
8019,'1489437',1845,,306,1,,,0,70,,306,25,4,,0
8019,'1489438',1915,,307,1,,,0,30,,307,25,4,,0
8019,'1489439',1945,,308,1,,,0,70,,308,25,4,,0
8019,'1489440',2015,,309,1,,,0,30,,309,25,4,,0
8019,'1489441',2045,,310,1,,,0,70,,310,25,4,,0
8019,'1489442',2115,,311,1,,,0,30,,311,25,4,,0
8019,'1489443',2145,,312,1,,,0,70,,312,25,4,,0
8019,'1489444',2215,,313,1,,,0,30,,313,25,4,,0
8019,'1489445',845,,314,1,,,0,70,,314,25,4,,0
8019,'1489446',915,,315,1,,,0,30,,315,25,4,,0
8019,'1489447',945,,316,1,,,0,70,,316,25,4,,0
8019,'1489448',1015,,317,1,,,0,30,,317,25,4,,0
8019,'1489449',1045,,318,1,,,0,70,,318,25,4,,0
8019,'1489450',1115,,319,1,,,0,30,,319,25,4,,0
8019,'1489451',1145,,320,1,,,0,70,,320,25,4,,0
8019,'1489452',1215,,321,1,,,0,30,,321,25,4,,0
8019,'1489453',1245,,322,1,,,0,70,,322,25,4,,0
8019,'1489454',1315,,323,1,,,0,30,,323,25,4,,0
8019,'1489455',1345,,324,1,,,0,70,,324,25,4,,0
8019,'1489456',1415,,325,1,,,0,30,,325,25,4,,0
8019,'1489457',1445,,326,1,,,0,70,,326,25,4,,0
8019,'1489458',1515,,327,1,,,0,30,,327,25,4,,0
8019,'1489459',1545,,328,1,,,0,70,,328,25,4,,0
8019,'1489460',1615,,329,1,,,0,30,,329,25,4,,0
8019,'1489461',1645,,330,1,,,0,70,,330,25,4,,0
8019,'1489462',1715,,331,1,,,0,30,,331,25,4,,0
8019,'1489463',1745,,332,1,,,0,70,,332,25,4,,0
8019,'1489464',1815,,333,1,,,0,30,,333,25,4,,0
8019,'1489465',1845,,334,1,,,0,70,,334,25,4,,0
8019,'1489466',1915,,335,1,,,0,30,,335,25,4,,0
8019,'1489467',1945,,336,1,,,0,70,,336,25,4,,0
