8019,'1489412',619,,281,6,,,0
8019,'1489413',649,,282,6,,,0
8019,'1489414',719,,283,6,,,0
8019,'1489415',749,,284,6,,,0
8019,'1489416',819,,285,6,,,0
8019,'1489417',849,,286,6,,,0
8019,'1489418',919,,287,6,,,0
8019,'1489419',949,,288,6,,,0
8019,'1489420',1019,,289,6,,,0
8019,'1489421',1049,,290,6,,,0
8019,'1489422',1119,,291,6,,,0
8019,'1489423',1149,,292,6,,,0
8019,'1489424',1219,,293,6,,,0
8019,'1489425',1249,,294,6,,,0
8019,'1489426',1319,,295,6,,,0
8019,'1489427',1349,,296,6,,,0
8019,'1489428',1419,,297,6,,,0
8019,'1489429',1449,,298,6,,,0
8019,'1489430',1519,,299,6,,,0
8019,'1489431',1549,,300,6,,,0
8019,'1489432',1619,,301,6,,,0
8019,'1489433',1649,,302,6,,,0
8019,'1489434',1719,,303,6,,,0
8019,'1489435',1749,,304,6,,,0
8019,'1489436',1819,,305,6,,,0
8019,'1489437',1849,,306,6,,,0
8019,'1489438',1919,,307,6,,,0
8019,'1489439',1949,,308,6,,,0
8019,'1489440',2019,,309,6,,,0
8019,'1489441',2049,,310,6,,,0
8019,'1489442',2119,,311,6,,,0
8019,'1489443',2149,,312,6,,,0
8019,'1489444',2219,,313,6,,,0
8019,'1489445',849,,314,6,,,0
8019,'1489446',919,,315,6,,,0
8019,'1489447',949,,316,6,,,0
8019,'1489448',1019,,317,6,,,0
8019,'1489449',1049,,318,6,,,0
8019,'1489450',1119,,319,6,,,0
8019,'1489451',1149,,320,6,,,0
8019,'1489452',1219,,321,6,,,0
8019,'1489453',1249,,322,6,,,0
8019,'1489454',1319,,323,6,,,0
8019,'1489455',1349,,324,6,,,0
8019,'1489456',1419,,325,6,,,0
8019,'1489457',1449,,326,6,,,0
8019,'1489458',1519,,327,6,,,0
8019,'1489459',1549,,328,6,,,0
8019,'1489460',1619,,329,6,,,0
8019,'1489461',1649,,330,6,,,0
8019,'1489462',1719,,331,6,,,0
8019,'1489463',1749,,332,6,,,0
8019,'1489464',1819,,333,6,,,0
8019,'1489465',1849,,334,6,,,0
8019,'1489466',1919,,335,6,,,0
8019,'1489467',1949,,336,6,,,0
