3019,'1442631',1142,,706,42,,,0
3019,'1442675',1442,,707,42,,,0
3019,'1442733',1142,,708,42,,,0
3019,'1442752',2042,,709,42,,,0
3019,'1443103',1842,,710,42,,,0
3019,'1443204',1042,,711,42,,,0
3019,'1443220',1542,,712,42,,,0
3019,'1443234',2242,,713,42,,,0
3019,'1443313',1942,,714,42,,,0
3019,'1443385',1242,,715,42,,,0
3019,'1443475',1742,,716,42,,,0
3019,'1443501',1642,,717,42,,,0
3019,'1443646',642,,718,42,,,0
3019,'1443682',1342,,719,42,,,0
3019,'1443691',1742,,720,42,,,0
3019,'1443873',1942,,721,42,,,0
3019,'1443914',1342,,722,42,,,0
3019,'1443932',1042,,723,42,,,0
3019,'1444023',1442,,724,42,,,0
3019,'1444126',1842,,725,42,,,0
3019,'1444142',942,,726,42,,,0
3019,'1444180',942,,727,42,,,0
3019,'1444241',1642,,728,42,,,0
3019,'1444339',2142,,729,42,,,0
3019,'1444435',1542,,730,42,,,0
3019,'1444530',842,,731,42,,,0
3019,'1444556',1242,,732,42,,,0
3019,'1444662',742,,733,42,,,0
3029,'1402545',1612,,734,41,,,0
3029,'1402556',1412,,735,41,,,0
3029,'1402591',912,,736,41,,,0
3029,'1402611',2012,,737,41,,,0
3029,'1402624',1512,,738,41,,,0
3029,'1402656',1312,,739,41,,,0
3029,'1402688',1812,,740,41,,,0
3029,'1402691',1712,,741,41,,,0
3029,'1402699',1012,,742,41,,,0
3029,'1402712',1512,,743,41,,,0
3029,'1402767',1612,,744,41,,,0
3029,'1402779',1312,,745,41,,,0
3029,'1402786',812,,746,41,,,0
3029,'1402795',1812,,747,41,,,0
3029,'1402803',1112,,748,41,,,0
3029,'1402809',712,,749,41,,,0
3029,'1402841',1012,,750,41,,,0
3029,'1402852',2212,,751,41,,,0
3029,'1402874',1912,,752,41,,,0
3029,'1402905',1112,,753,41,,,0
3029,'1402920',912,,754,41,,,0
3029,'1402929',1212,,755,41,,,0
3029,'1402937',1712,,756,41,,,0
3029,'1402949',1212,,757,41,,,0
3029,'1403010',2112,,758,41,,,0
3029,'1403018',1912,,759,41,,,0
3029,'1403044',1412,,760,41,,,0
3029,'1450947',2012,,594,41,,,0
