1019,'1456814',1420,,1,7,,,0
1019,'1456819',1550,,2,7,,,0
1019,'1456824',1820,,3,7,,,0
1019,'1456829',850,,4,7,,,0
1019,'1456834',920,,5,7,,,0
1019,'1456836',1820,,6,7,,,0
1019,'1456837',650,,7,7,,,0
1019,'1456840',1750,,8,7,,,0
1019,'1456877',920,,9,7,,,0
1019,'1456880',620,,10,7,,,0
1019,'1456889',1620,,11,7,,,0
1019,'1456915',1020,,12,7,,,0
1019,'1456918',1850,,13,7,,,0
1019,'1456919',1620,,14,7,,,0
1019,'1456920',2120,,15,7,,,0
1019,'1456950',820,,16,7,,,0
1019,'1456960',1150,,17,7,,,0
1019,'1456962',1250,,18,7,,,0
1019,'1456984',1050,,19,7,,,0
1019,'1456985',2020,,20,7,,,0
1019,'1457004',750,,21,7,,,0
1019,'1457017',1220,,22,7,,,0
1019,'1457020',1750,,23,7,,,0
1019,'1457022',1320,,24,7,,,0
1019,'1457029',2150,,25,7,,,0
1019,'1457030',2050,,26,7,,,0
1019,'1457036',1920,,27,7,,,0
1019,'1457038',1450,,28,7,,,0
1019,'1457041',1550,,29,7,,,0
1019,'1457072',850,,30,7,,,0
1019,'1457093',1520,,31,7,,,0
1019,'1457107',720,,32,7,,,0
1019,'1457111',1020,,33,7,,,0
1019,'1457122',950,,34,7,,,0
1019,'1457126',1950,,35,7,,,0
1019,'1457134',1850,,36,7,,,0
1019,'1457138',1650,,37,7,,,0
1019,'1457157',1120,,38,7,,,0
1019,'1457178',1350,,39,7,,,0
1019,'1457184',1420,,40,7,,,0
1019,'1457201',1250,,41,7,,,0
1019,'1457203',1150,,42,7,,,0
1019,'1457208',1950,,43,7,,,0
1019,'1457212',1350,,44,7,,,0
1019,'1457238',1650,,45,7,,,0
1019,'1457256',1120,,46,7,,,0
1019,'1457268',1720,,47,7,,,0
1019,'1457283',1720,,48,7,,,0
1019,'1457290',2220,,49,7,,,0
1019,'1457302',1520,,50,7,,,0
1019,'1457309',1920,,51,7,,,0
1019,'1457336',1050,,52,7,,,0
1019,'1457337',950,,53,7,,,0
1019,'1457368',1220,,54,7,,,0
1019,'1457373',1320,,55,7,,,0
1019,'1457382',1450,,56,7,,,0
