1019,'1456814',1438,,1,26,,,0
1019,'1456819',1608,,2,26,,,0
1019,'1456824',1838,,3,26,,,0
1019,'1456829',908,,4,26,,,0
1019,'1456834',938,,5,26,,,0
1019,'1456836',1838,,6,26,,,0
1019,'1456837',708,,7,26,,,0
1019,'1456840',1808,,8,26,,,0
1019,'1456877',938,,9,26,,,0
1019,'1456880',638,,10,26,,,0
1019,'1456889',1638,,11,26,,,0
1019,'1456915',1038,,12,26,,,0
1019,'1456918',1908,,13,26,,,0
1019,'1456919',1638,,14,26,,,0
1019,'1456920',2138,,15,26,,,0
1019,'1456950',838,,16,26,,,0
1019,'1456960',1208,,17,26,,,0
1019,'1456962',1308,,18,26,,,0
1019,'1456984',1108,,19,26,,,0
1019,'1456985',2038,,20,26,,,0
1019,'1457004',808,,21,26,,,0
1019,'1457017',1238,,22,26,,,0
1019,'1457020',1808,,23,26,,,0
1019,'1457022',1338,,24,26,,,0
1019,'1457029',2208,,25,26,,,0
1019,'1457030',2108,,26,26,,,0
1019,'1457036',1938,,27,26,,,0
1019,'1457038',1508,,28,26,,,0
1019,'1457041',1608,,29,26,,,0
1019,'1457072',908,,30,26,,,0
1019,'1457093',1538,,31,26,,,0
1019,'1457107',738,,32,26,,,0
1019,'1457111',1038,,33,26,,,0
1019,'1457122',1008,,34,26,,,0
1019,'1457126',2008,,35,26,,,0
1019,'1457134',1908,,36,26,,,0
1019,'1457138',1708,,37,26,,,0
1019,'1457157',1138,,38,26,,,0
1019,'1457178',1408,,39,26,,,0
1019,'1457184',1438,,40,26,,,0
1019,'1457201',1308,,41,26,,,0
1019,'1457203',1208,,42,26,,,0
1019,'1457208',2008,,43,26,,,0
1019,'1457212',1408,,44,26,,,0
1019,'1457238',1708,,45,26,,,0
1019,'1457256',1138,,46,26,,,0
1019,'1457268',1738,,47,26,,,0
1019,'1457283',1738,,48,26,,,0
1019,'1457290',2238,,49,26,,,0
1019,'1457302',1538,,50,26,,,0
1019,'1457309',1938,,51,26,,,0
1019,'1457336',1108,,52,26,,,0
1019,'1457337',1008,,53,26,,,0
1019,'1457368',1238,,54,26,,,0
1019,'1457373',1338,,55,26,,,0
1019,'1457382',1508,,56,26,,,0
