3019,'1442631',1131,,706,24,,,0
3019,'1442675',1431,,707,24,,,0
3019,'1442733',1131,,708,24,,,0
3019,'1442752',2031,,709,24,,,0
3019,'1443103',1831,,710,24,,,0
3019,'1443204',1031,,711,24,,,0
3019,'1443220',1531,,712,24,,,0
3019,'1443234',2231,,713,24,,,0
3019,'1443313',1931,,714,24,,,0
3019,'1443385',1231,,715,24,,,0
3019,'1443475',1731,,716,24,,,0
3019,'1443501',1631,,717,24,,,0
3019,'1443646',631,,718,24,,,0
3019,'1443682',1331,,719,24,,,0
3019,'1443691',1731,,720,24,,,0
3019,'1443873',1931,,721,24,,,0
3019,'1443914',1331,,722,24,,,0
3019,'1443932',1031,,723,24,,,0
3019,'1444023',1431,,724,24,,,0
3019,'1444126',1831,,725,24,,,0
3019,'1444142',931,,726,24,,,0
3019,'1444180',931,,727,24,,,0
3019,'1444241',1631,,728,24,,,0
3019,'1444339',2131,,729,24,,,0
3019,'1444435',1531,,730,24,,,0
3019,'1444530',831,,731,24,,,0
3019,'1444556',1231,,732,24,,,0
3019,'1444662',731,,733,24,,,0
