209,'1474286',621,,538,9,,,0
209,'1474287',651,,539,9,,,0
209,'1474288',721,,540,9,,,0
209,'1474289',751,,541,9,,,0
209,'1474290',821,,542,9,,,0
209,'1474291',851,,543,9,,,0
209,'1474292',921,,544,9,,,0
209,'1474293',951,,545,9,,,0
209,'1474294',1021,,546,9,,,0
209,'1474295',1051,,547,9,,,0
209,'1474296',1121,,548,9,,,0
209,'1474297',1151,,549,9,,,0
209,'1474298',1221,,550,9,,,0
209,'1474299',1251,,551,9,,,0
209,'1474300',1321,,552,9,,,0
209,'1474301',1351,,553,9,,,0
209,'1474302',1421,,554,9,,,0
209,'1474303',1451,,555,9,,,0
209,'1474304',1521,,556,9,,,0
209,'1474305',1551,,557,9,,,0
209,'1474306',1621,,558,9,,,0
209,'1474307',1651,,559,9,,,0
209,'1474308',1721,,560,9,,,0
209,'1474309',1751,,561,9,,,0
209,'1474310',1821,,562,9,,,0
209,'1474311',1851,,563,9,,,0
209,'1474312',1921,,564,9,,,0
209,'1474313',1951,,565,9,,,0
209,'1474314',2021,,566,9,,,0
209,'1474315',2051,,567,9,,,0
209,'1474316',2121,,568,9,,,0
209,'1474317',2151,,569,9,,,0
209,'1474318',2221,,570,9,,,0
209,'1474319',851,,571,9,,,0
209,'1474320',921,,572,9,,,0
209,'1474321',951,,573,9,,,0
209,'1474322',1021,,574,9,,,0
209,'1474323',1051,,575,9,,,0
209,'1474324',1121,,576,9,,,0
209,'1474325',1151,,577,9,,,0
209,'1474326',1221,,578,9,,,0
209,'1474327',1251,,579,9,,,0
209,'1474328',1321,,580,9,,,0
209,'1474329',1351,,581,9,,,0
209,'1474330',1421,,582,9,,,0
209,'1474331',1451,,583,9,,,0
209,'1474332',1521,,584,9,,,0
209,'1474333',1551,,585,9,,,0
209,'1474334',1621,,586,9,,,0
209,'1474335',1651,,587,9,,,0
209,'1474336',1721,,588,9,,,0
209,'1474337',1751,,589,9,,,0
209,'1474338',1821,,590,9,,,0
209,'1474339',1851,,591,9,,,0
209,'1474340',1921,,592,9,,,0
209,'1474341',1951,,593,9,,,0
