8019,'1489412',626,,281,10,,,0
8019,'1489413',656,,282,10,,,0
8019,'1489414',726,,283,10,,,0
8019,'1489415',756,,284,10,,,0
8019,'1489416',826,,285,10,,,0
8019,'1489417',856,,286,10,,,0
8019,'1489418',926,,287,10,,,0
8019,'1489419',956,,288,10,,,0
8019,'1489420',1026,,289,10,,,0
8019,'1489421',1056,,290,10,,,0
8019,'1489422',1126,,291,10,,,0
8019,'1489423',1156,,292,10,,,0
8019,'1489424',1226,,293,10,,,0
8019,'1489425',1256,,294,10,,,0
8019,'1489426',1326,,295,10,,,0
8019,'1489427',1356,,296,10,,,0
8019,'1489428',1426,,297,10,,,0
8019,'1489429',1456,,298,10,,,0
8019,'1489430',1526,,299,10,,,0
8019,'1489431',1556,,300,10,,,0
8019,'1489432',1626,,301,10,,,0
8019,'1489433',1656,,302,10,,,0
8019,'1489434',1726,,303,10,,,0
8019,'1489435',1756,,304,10,,,0
8019,'1489436',1826,,305,10,,,0
8019,'1489437',1856,,306,10,,,0
8019,'1489438',1926,,307,10,,,0
8019,'1489439',1956,,308,10,,,0
8019,'1489440',2026,,309,10,,,0
8019,'1489441',2056,,310,10,,,0
8019,'1489442',2126,,311,10,,,0
8019,'1489443',2156,,312,10,,,0
8019,'1489444',2226,,313,10,,,0
8019,'1489445',856,,314,10,,,0
8019,'1489446',926,,315,10,,,0
8019,'1489447',956,,316,10,,,0
8019,'1489448',1026,,317,10,,,0
8019,'1489449',1056,,318,10,,,0
8019,'1489450',1126,,319,10,,,0
8019,'1489451',1156,,320,10,,,0
8019,'1489452',1226,,321,10,,,0
8019,'1489453',1256,,322,10,,,0
8019,'1489454',1326,,323,10,,,0
8019,'1489455',1356,,324,10,,,0
8019,'1489456',1426,,325,10,,,0
8019,'1489457',1456,,326,10,,,0
8019,'1489458',1526,,327,10,,,0
8019,'1489459',1556,,328,10,,,0
8019,'1489460',1626,,329,10,,,0
8019,'1489461',1656,,330,10,,,0
8019,'1489462',1726,,331,10,,,0
8019,'1489463',1756,,332,10,,,0
8019,'1489464',1826,,333,10,,,0
8019,'1489465',1856,,334,10,,,0
8019,'1489466',1926,,335,10,,,0
8019,'1489467',1956,,336,10,,,0
