309,'1450947',1950,,594,9,0,5 6,0
309,'1492333',620,,595,9,0,5 7,0
309,'1492334',720,,596,9,0,5 7,0
309,'1492335',820,,597,9,0,5 7,0
309,'1492336',920,,598,9,0,5 7,0
309,'1492337',1020,,599,9,0,5 7,0
309,'1492338',1120,,600,9,0,5 7,0
309,'1492339',1220,,601,9,0,5 7,0
309,'1492340',1320,,602,9,0,5 7,0
309,'1492341',1420,,603,9,0,5 7,0
309,'1492342',1520,,604,9,0,5 7,0
309,'1492343',1620,,605,9,0,5 7,0
309,'1492344',1720,,606,9,0,5 7,0
309,'1492345',1820,,607,9,0,5 7,0
309,'1492346',1920,,608,9,0,5 7,0
309,'1492347',2020,,609,9,0,5 7,0
309,'1492348',2120,,610,9,0,5 7,0
309,'1492349',2220,,611,9,0,5 7,0
309,'1492350',920,,612,9,0,5 7,0
309,'1492351',1020,,613,9,0,5 7,0
309,'1492352',1120,,614,9,0,5 7,0
309,'1492353',1220,,615,9,0,5 7,0
309,'1492354',1320,,616,9,0,5 7,0
309,'1492355',1420,,617,9,0,5 7,0
309,'1492356',1520,,618,9,0,5 7,0
309,'1492357',1620,,619,9,0,5 7,0
309,'1492358',1720,,620,9,0,5 7,0
309,'1492359',1820,,621,9,0,5 7,0
309,'1492360',1920,,622,9,0,5 7,0
309,'1492361',650,,623,9,0,5 6,0
309,'1492362',750,,624,9,0,5 6,0
309,'1492363',850,,625,9,0,5 6,0
309,'1492364',950,,626,9,0,5 6,0
309,'1492365',1050,,627,9,0,5 6,0
309,'1492366',1150,,628,9,0,5 6,0
309,'1492367',1250,,629,9,0,5 6,0
309,'1492368',1350,,630,9,0,5 6,0
309,'1492369',1450,,631,9,0,5 6,0
309,'1492370',1550,,632,9,0,5 6,0
309,'1492371',1650,,633,9,0,5 6,0
309,'1492372',1750,,634,9,0,5 6,0
309,'1492373',1850,,635,9,0,5 6,0
309,'1492374',1950,,636,9,0,5 6,0
309,'1492375',2050,,637,9,0,5 6,0
309,'1492376',2150,,638,9,0,5 6,0
309,'1492377',850,,639,9,0,5 6,0
309,'1492378',950,,640,9,0,5 6,0
309,'1492379',1050,,641,9,0,5 6,0
309,'1492380',1150,,642,9,0,5 6,0
309,'1492381',1250,,643,9,0,5 6,0
309,'1492382',1350,,644,9,0,5 6,0
309,'1492383',1450,,645,9,0,5 6,0
309,'1492384',1550,,646,9,0,5 6,0
309,'1492385',1650,,647,9,0,5 6,0
309,'1492386',1750,,648,9,0,5 6,0
309,'1492387',1850,,649,9,0,5 6,0
