4019,'1492568',621,,761,8,,,0
4019,'1492569',651,,762,8,,,0
4019,'1492570',721,,763,8,,,0
4019,'1492571',751,,764,8,,,0
4019,'1492572',821,,765,8,,,0
4019,'1492573',851,,766,8,,,0
4019,'1492574',921,,767,8,,,0
4019,'1492575',951,,768,8,,,0
4019,'1492576',1021,,769,8,,,0
4019,'1492577',1051,,770,8,,,0
4019,'1492578',1121,,771,8,,,0
4019,'1492579',1151,,772,8,,,0
4019,'1492580',1221,,773,8,,,0
4019,'1492581',1251,,774,8,,,0
4019,'1492582',1321,,775,8,,,0
4019,'1492583',1351,,776,8,,,0
4019,'1492584',1421,,777,8,,,0
4019,'1492585',1451,,778,8,,,0
4019,'1492586',1521,,779,8,,,0
4019,'1492587',1551,,780,8,,,0
4019,'1492588',1621,,781,8,,,0
4019,'1492589',1651,,782,8,,,0
4019,'1492590',1721,,783,8,,,0
4019,'1492591',1751,,784,8,,,0
4019,'1492592',1821,,785,8,,,0
4019,'1492593',1851,,786,8,,,0
4019,'1492594',1921,,787,8,,,0
4019,'1492595',1951,,788,8,,,0
4019,'1492596',2021,,789,8,,,0
4019,'1492597',2051,,790,8,,,0
4019,'1492598',2121,,791,8,,,0
4019,'1492599',2151,,792,8,,,0
4019,'1492600',2221,,793,8,,,0
4019,'1492601',851,,794,8,,,0
4019,'1492602',921,,795,8,,,0
4019,'1492603',951,,796,8,,,0
4019,'1492604',1021,,797,8,,,0
4019,'1492605',1051,,798,8,,,0
4019,'1492606',1121,,799,8,,,0
4019,'1492607',1151,,800,8,,,0
4019,'1492608',1221,,801,8,,,0
4019,'1492609',1251,,802,8,,,0
4019,'1492610',1321,,803,8,,,0
4019,'1492611',1351,,804,8,,,0
4019,'1492612',1421,,805,8,,,0
4019,'1492613',1451,,806,8,,,0
4019,'1492614',1521,,807,8,,,0
4019,'1492615',1551,,808,8,,,0
4019,'1492616',1621,,809,8,,,0
4019,'1492617',1651,,810,8,,,0
4019,'1492618',1721,,811,8,,,0
4019,'1492619',1751,,812,8,,,0
4019,'1492620',1821,,813,8,,,0
4019,'1492621',1851,,814,8,,,0
4019,'1492622',1921,,815,8,,,0
4019,'1492623',1951,,816,8,,,0
7019,'1442614',720,,449,12,,,0
7019,'1442622',1950,,450,12,,,0
7019,'1442670',2120,,451,12,,,0
7019,'1442732',2020,,452,12,,,0
7019,'1442767',1620,,453,12,,,0
7019,'1442817',1650,,454,12,,,0
7019,'1442848',1750,,455,12,,,0
7019,'1442896',750,,456,12,,,0
7019,'1442972',1920,,457,12,,,0
7019,'1443069',1220,,458,12,,,0
7019,'1443156',620,,459,12,,,0
7019,'1443162',1350,,460,12,,,0
7019,'1443179',1420,,461,12,,,0
7019,'1443229',1250,,462,12,,,0
7019,'1443345',1820,,463,12,,,0
7019,'1443404',820,,464,12,,,0
7019,'1443436',1150,,465,12,,,0
7019,'1443487',1120,,466,12,,,0
7019,'1443532',650,,467,12,,,0
7019,'1443541',920,,468,12,,,0
7019,'1443550',2220,,469,12,,,0
7019,'1443573',1550,,470,12,,,0
7019,'1443663',1020,,471,12,,,0
7019,'1443697',950,,472,12,,,0
7019,'1443868',850,,473,12,,,0
7019,'1443959',1050,,474,12,,,0
7019,'1443993',1320,,475,12,,,0
7019,'1444109',1450,,476,12,,,0
7019,'1444167',2050,,477,12,,,0
7019,'1444230',1850,,478,12,,,0
7019,'1444467',1720,,479,12,,,0
7019,'1444493',1520,,480,12,,,0
7019,'1444706',2150,,481,12,,,0
7019,'1471238',855,,337,12,,,0
7019,'1471239',925,,338,12,,,0
7019,'1471240',955,,339,12,,,0
7019,'1471241',1025,,340,12,,,0
7019,'1471242',1055,,341,12,,,0
7019,'1471243',1125,,342,12,,,0
7019,'1471244',1155,,343,12,,,0
7019,'1471245',1225,,344,12,,,0
7019,'1471246',1255,,345,12,,,0
7019,'1471247',1325,,346,12,,,0
7019,'1471248',1355,,347,12,,,0
7019,'1471249',1425,,348,12,,,0
7019,'1471250',1455,,349,12,,,0
7019,'1471251',1525,,350,12,,,0
7019,'1471252',1555,,351,12,,,0
7019,'1471253',1625,,352,12,,,0
7019,'1471254',1655,,353,12,,,0
7019,'1471255',1725,,354,12,,,0
7019,'1471256',1755,,355,12,,,0
7019,'1471257',1825,,356,12,,,0
7019,'1471258',1855,,357,12,,,0
7019,'1471259',1925,,358,12,,,0
7019,'1471260',1955,,359,12,,,0
