109,'1456814',1435,,1,18,,,0
109,'1456819',1605,,2,18,,,0
109,'1456824',1835,,3,18,,,0
109,'1456829',905,,4,18,,,0
109,'1456834',935,,5,18,,,0
109,'1456836',1835,,6,18,,,0
109,'1456837',705,,7,18,,,0
109,'1456840',1805,,8,18,,,0
109,'1456877',935,,9,18,,,0
109,'1456880',635,,10,18,,,0
109,'1456889',1635,,11,18,,,0
109,'1456915',1035,,12,18,,,0
109,'1456918',1905,,13,18,,,0
109,'1456919',1635,,14,18,,,0
109,'1456920',2135,,15,18,,,0
109,'1456950',835,,16,18,,,0
109,'1456960',1205,,17,18,,,0
109,'1456962',1305,,18,18,,,0
109,'1456984',1105,,19,18,,,0
109,'1456985',2035,,20,18,,,0
109,'1457004',805,,21,18,,,0
109,'1457017',1235,,22,18,,,0
109,'1457020',1805,,23,18,,,0
109,'1457022',1335,,24,18,,,0
109,'1457029',2205,,25,18,,,0
109,'1457030',2105,,26,18,,,0
109,'1457036',1935,,27,18,,,0
109,'1457038',1505,,28,18,,,0
109,'1457041',1605,,29,18,,,0
109,'1457072',905,,30,18,,,0
109,'1457093',1535,,31,18,,,0
109,'1457107',735,,32,18,,,0
109,'1457111',1035,,33,18,,,0
109,'1457122',1005,,34,18,,,0
109,'1457126',2005,,35,18,,,0
109,'1457134',1905,,36,18,,,0
109,'1457138',1705,,37,18,,,0
109,'1457157',1135,,38,18,,,0
109,'1457178',1405,,39,18,,,0
109,'1457184',1435,,40,18,,,0
109,'1457201',1305,,41,18,,,0
109,'1457203',1205,,42,18,,,0
109,'1457208',2005,,43,18,,,0
109,'1457212',1405,,44,18,,,0
109,'1457238',1705,,45,18,,,0
109,'1457256',1135,,46,18,,,0
109,'1457268',1735,,47,18,,,0
109,'1457283',1735,,48,18,,,0
109,'1457290',2235,,49,18,,,0
109,'1457302',1535,,50,18,,,0
109,'1457309',1935,,51,18,,,0
109,'1457336',1105,,52,18,,,0
109,'1457337',1005,,53,18,,,0
109,'1457368',1235,,54,18,,,0
109,'1457373',1335,,55,18,,,0
109,'1457382',1505,,56,18,,,0
