209,'1467963',2000,,393,32,,,0
209,'1467965',1300,,394,32,,,0
209,'1467968',1530,,395,32,,,0
209,'1467975',1030,,396,32,,,0
209,'1467991',1230,,397,32,,,0
209,'1467993',1700,,398,32,,,0
209,'1467994',900,,399,32,,,0
209,'1468003',1400,,400,32,,,0
209,'1468007',2200,,401,32,,,0
209,'1468017',930,,402,32,,,0
209,'1468027',1530,,403,32,,,0
209,'1468031',1500,,404,32,,,0
209,'1468034',1800,,405,32,,,0
209,'1468038',1000,,406,32,,,0
209,'1468046',1000,,407,32,,,0
209,'1468054',900,,408,32,,,0
209,'1468079',830,,409,32,,,0
209,'1468088',2030,,410,32,,,0
209,'1468109',1230,,411,32,,,0
209,'1468126',1700,,412,32,,,0
209,'1468127',800,,413,32,,,0
209,'1468129',1100,,414,32,,,0
209,'1468134',1900,,415,32,,,0
209,'1468156',1830,,416,32,,,0
209,'1468158',1730,,417,32,,,0
209,'1468169',1330,,418,32,,,0
209,'1468197',1330,,419,32,,,0
209,'1468238',1130,,420,32,,,0
209,'1468240',930,,421,32,,,0
209,'1468243',1830,,422,32,,,0
209,'1468250',1400,,423,32,,,0
209,'1468284',1130,,424,32,,,0
209,'1468288',1300,,425,32,,,0
209,'1468289',1430,,426,32,,,0
209,'1468293',1100,,427,32,,,0
209,'1468302',1200,,428,32,,,0
209,'1468306',1630,,429,32,,,0
209,'1468315',1800,,430,32,,,0
209,'1468319',2100,,431,32,,,0
209,'1468325',1930,,432,32,,,0
209,'1468342',1430,,433,32,,,0
209,'1468357',1030,,434,32,,,0
209,'1468388',630,,435,32,,,0
209,'1468398',1630,,436,32,,,0
209,'1468402',1900,,437,32,,,0
209,'1468403',2230,,438,32,,,0
209,'1468408',1730,,439,32,,,0
209,'1468420',1500,,440,32,,,0
209,'1468421',700,,441,32,,,0
209,'1468443',1600,,442,32,,,0
209,'1468446',2130,,443,32,,,0
209,'1468448',730,,444,32,,,0
209,'1468453',1200,,445,32,,,0
209,'1468457',1930,,446,32,,,0
209,'1468479',1600,,447,32,,,0
209,'1468482',2000,,448,32,,,0
