409,'1474077',643,,169,35,,,0
409,'1474078',713,,170,35,,,0
409,'1474079',743,,171,35,,,0
409,'1474080',813,,172,35,,,0
409,'1474081',843,,173,35,,,0
409,'1474082',913,,174,35,,,0
409,'1474083',943,,175,35,,,0
409,'1474084',1013,,176,35,,,0
409,'1474085',1043,,177,35,,,0
409,'1474086',1113,,178,35,,,0
409,'1474087',1143,,179,35,,,0
409,'1474088',1213,,180,35,,,0
409,'1474089',1243,,181,35,,,0
409,'1474090',1313,,182,35,,,0
409,'1474091',1343,,183,35,,,0
409,'1474092',1413,,184,35,,,0
409,'1474093',1443,,185,35,,,0
409,'1474094',1513,,186,35,,,0
409,'1474095',1543,,187,35,,,0
409,'1474096',1613,,188,35,,,0
409,'1474097',1643,,189,35,,,0
409,'1474098',1713,,190,35,,,0
409,'1474099',1743,,191,35,,,0
409,'1474100',1813,,192,35,,,0
409,'1474101',1843,,193,35,,,0
409,'1474102',1913,,194,35,,,0
409,'1474103',1943,,195,35,,,0
409,'1474104',2013,,196,35,,,0
409,'1474105',2043,,197,35,,,0
409,'1474106',2113,,198,35,,,0
409,'1474107',2143,,199,35,,,0
409,'1474108',2213,,200,35,,,0
409,'1474109',2243,,201,35,,,0
409,'1474110',913,,202,35,,,0
409,'1474111',943,,203,35,,,0
409,'1474112',1013,,204,35,,,0
409,'1474113',1043,,205,35,,,0
409,'1474114',1113,,206,35,,,0
409,'1474115',1143,,207,35,,,0
409,'1474116',1213,,208,35,,,0
409,'1474117',1243,,209,35,,,0
409,'1474118',1313,,210,35,,,0
409,'1474119',1343,,211,35,,,0
409,'1474120',1413,,212,35,,,0
409,'1474121',1443,,213,35,,,0
409,'1474122',1513,,214,35,,,0
409,'1474123',1543,,215,35,,,0
409,'1474124',1613,,216,35,,,0
409,'1474125',1643,,217,35,,,0
409,'1474126',1713,,218,35,,,0
409,'1474127',1743,,219,35,,,0
409,'1474128',1813,,220,35,,,0
409,'1474129',1843,,221,35,,,0
409,'1474130',1913,,222,35,,,0
409,'1474131',1943,,223,35,,,0
409,'1474132',2013,,224,35,,,0
