309,'1450947',1946,,594,3,0,5 6,0
309,'1492333',616,,595,3,0,5 7,0
309,'1492334',716,,596,3,0,5 7,0
309,'1492335',816,,597,3,0,5 7,0
309,'1492336',916,,598,3,0,5 7,0
309,'1492337',1016,,599,3,0,5 7,0
309,'1492338',1116,,600,3,0,5 7,0
309,'1492339',1216,,601,3,0,5 7,0
309,'1492340',1316,,602,3,0,5 7,0
309,'1492341',1416,,603,3,0,5 7,0
309,'1492342',1516,,604,3,0,5 7,0
309,'1492343',1616,,605,3,0,5 7,0
309,'1492344',1716,,606,3,0,5 7,0
309,'1492345',1816,,607,3,0,5 7,0
309,'1492346',1916,,608,3,0,5 7,0
309,'1492347',2016,,609,3,0,5 7,0
309,'1492348',2116,,610,3,0,5 7,0
309,'1492349',2216,,611,3,0,5 7,0
309,'1492350',916,,612,3,0,5 7,0
309,'1492351',1016,,613,3,0,5 7,0
309,'1492352',1116,,614,3,0,5 7,0
309,'1492353',1216,,615,3,0,5 7,0
309,'1492354',1316,,616,3,0,5 7,0
309,'1492355',1416,,617,3,0,5 7,0
309,'1492356',1516,,618,3,0,5 7,0
309,'1492357',1616,,619,3,0,5 7,0
309,'1492358',1716,,620,3,0,5 7,0
309,'1492359',1816,,621,3,0,5 7,0
309,'1492360',1916,,622,3,0,5 7,0
309,'1492361',646,,623,3,0,5 6,0
309,'1492362',746,,624,3,0,5 6,0
309,'1492363',846,,625,3,0,5 6,0
309,'1492364',946,,626,3,0,5 6,0
309,'1492365',1046,,627,3,0,5 6,0
309,'1492366',1146,,628,3,0,5 6,0
309,'1492367',1246,,629,3,0,5 6,0
309,'1492368',1346,,630,3,0,5 6,0
309,'1492369',1446,,631,3,0,5 6,0
309,'1492370',1546,,632,3,0,5 6,0
309,'1492371',1646,,633,3,0,5 6,0
309,'1492372',1746,,634,3,0,5 6,0
309,'1492373',1846,,635,3,0,5 6,0
309,'1492374',1946,,636,3,0,5 6,0
309,'1492375',2046,,637,3,0,5 6,0
309,'1492376',2146,,638,3,0,5 6,0
309,'1492377',846,,639,3,0,5 6,0
309,'1492378',946,,640,3,0,5 6,0
309,'1492379',1046,,641,3,0,5 6,0
309,'1492380',1146,,642,3,0,5 6,0
309,'1492381',1246,,643,3,0,5 6,0
309,'1492382',1346,,644,3,0,5 6,0
309,'1492383',1446,,645,3,0,5 6,0
309,'1492384',1546,,646,3,0,5 6,0
309,'1492385',1646,,647,3,0,5 6,0
309,'1492386',1746,,648,3,0,5 6,0
309,'1492387',1846,,649,3,0,5 6,0
