209,'1467963',1954,,393,19,,,0
209,'1467965',1254,,394,19,,,0
209,'1467968',1524,,395,19,,,0
209,'1467975',1024,,396,19,,,0
209,'1467991',1224,,397,19,,,0
209,'1467993',1654,,398,19,,,0
209,'1467994',854,,399,19,,,0
209,'1468003',1354,,400,19,,,0
209,'1468007',2154,,401,19,,,0
209,'1468017',924,,402,19,,,0
209,'1468027',1524,,403,19,,,0
209,'1468031',1454,,404,19,,,0
209,'1468034',1754,,405,19,,,0
209,'1468038',954,,406,19,,,0
209,'1468046',954,,407,19,,,0
209,'1468054',854,,408,19,,,0
209,'1468079',824,,409,19,,,0
209,'1468088',2024,,410,19,,,0
209,'1468109',1224,,411,19,,,0
209,'1468126',1654,,412,19,,,0
209,'1468127',754,,413,19,,,0
209,'1468129',1054,,414,19,,,0
209,'1468134',1854,,415,19,,,0
209,'1468156',1824,,416,19,,,0
209,'1468158',1724,,417,19,,,0
209,'1468169',1324,,418,19,,,0
209,'1468197',1324,,419,19,,,0
209,'1468238',1124,,420,19,,,0
209,'1468240',924,,421,19,,,0
209,'1468243',1824,,422,19,,,0
209,'1468250',1354,,423,19,,,0
209,'1468284',1124,,424,19,,,0
209,'1468288',1254,,425,19,,,0
209,'1468289',1424,,426,19,,,0
209,'1468293',1054,,427,19,,,0
209,'1468302',1154,,428,19,,,0
209,'1468306',1624,,429,19,,,0
209,'1468315',1754,,430,19,,,0
209,'1468319',2054,,431,19,,,0
209,'1468325',1924,,432,19,,,0
209,'1468342',1424,,433,19,,,0
209,'1468357',1024,,434,19,,,0
209,'1468388',624,,435,19,,,0
209,'1468398',1624,,436,19,,,0
209,'1468402',1854,,437,19,,,0
209,'1468403',2224,,438,19,,,0
209,'1468408',1724,,439,19,,,0
209,'1468420',1454,,440,19,,,0
209,'1468421',654,,441,19,,,0
209,'1468443',1554,,442,19,,,0
209,'1468446',2124,,443,19,,,0
209,'1468448',724,,444,19,,,0
209,'1468453',1154,,445,19,,,0
209,'1468457',1924,,446,19,,,0
209,'1468479',1554,,447,19,,,0
209,'1468482',1954,,448,19,,,0
