209,'1467963',1951,,393,8,,,0
209,'1467965',1251,,394,8,,,0
209,'1467968',1521,,395,8,,,0
209,'1467975',1021,,396,8,,,0
209,'1467991',1221,,397,8,,,0
209,'1467993',1651,,398,8,,,0
209,'1467994',851,,399,8,,,0
209,'1468003',1351,,400,8,,,0
209,'1468007',2151,,401,8,,,0
209,'1468017',921,,402,8,,,0
209,'1468027',1521,,403,8,,,0
209,'1468031',1451,,404,8,,,0
209,'1468034',1751,,405,8,,,0
209,'1468038',951,,406,8,,,0
209,'1468046',951,,407,8,,,0
209,'1468054',851,,408,8,,,0
209,'1468079',821,,409,8,,,0
209,'1468088',2021,,410,8,,,0
209,'1468109',1221,,411,8,,,0
209,'1468126',1651,,412,8,,,0
209,'1468127',751,,413,8,,,0
209,'1468129',1051,,414,8,,,0
209,'1468134',1851,,415,8,,,0
209,'1468156',1821,,416,8,,,0
209,'1468158',1721,,417,8,,,0
209,'1468169',1321,,418,8,,,0
209,'1468197',1321,,419,8,,,0
209,'1468238',1121,,420,8,,,0
209,'1468240',921,,421,8,,,0
209,'1468243',1821,,422,8,,,0
209,'1468250',1351,,423,8,,,0
209,'1468284',1121,,424,8,,,0
209,'1468288',1251,,425,8,,,0
209,'1468289',1421,,426,8,,,0
209,'1468293',1051,,427,8,,,0
209,'1468302',1151,,428,8,,,0
209,'1468306',1621,,429,8,,,0
209,'1468315',1751,,430,8,,,0
209,'1468319',2051,,431,8,,,0
209,'1468325',1921,,432,8,,,0
209,'1468342',1421,,433,8,,,0
209,'1468357',1021,,434,8,,,0
209,'1468388',621,,435,8,,,0
209,'1468398',1621,,436,8,,,0
209,'1468402',1851,,437,8,,,0
209,'1468403',2221,,438,8,,,0
209,'1468408',1721,,439,8,,,0
209,'1468420',1451,,440,8,,,0
209,'1468421',651,,441,8,,,0
209,'1468443',1551,,442,8,,,0
209,'1468446',2121,,443,8,,,0
209,'1468448',721,,444,8,,,0
209,'1468453',1151,,445,8,,,0
209,'1468457',1921,,446,8,,,0
209,'1468479',1551,,447,8,,,0
209,'1468482',1951,,448,8,,,0
