409,'1474077',620,,169,7,,,0
409,'1474078',650,,170,7,,,0
409,'1474079',720,,171,7,,,0
409,'1474080',750,,172,7,,,0
409,'1474081',820,,173,7,,,0
409,'1474082',850,,174,7,,,0
409,'1474083',920,,175,7,,,0
409,'1474084',950,,176,7,,,0
409,'1474085',1020,,177,7,,,0
409,'1474086',1050,,178,7,,,0
409,'1474087',1120,,179,7,,,0
409,'1474088',1150,,180,7,,,0
409,'1474089',1220,,181,7,,,0
409,'1474090',1250,,182,7,,,0
409,'1474091',1320,,183,7,,,0
409,'1474092',1350,,184,7,,,0
409,'1474093',1420,,185,7,,,0
409,'1474094',1450,,186,7,,,0
409,'1474095',1520,,187,7,,,0
409,'1474096',1550,,188,7,,,0
409,'1474097',1620,,189,7,,,0
409,'1474098',1650,,190,7,,,0
409,'1474099',1720,,191,7,,,0
409,'1474100',1750,,192,7,,,0
409,'1474101',1820,,193,7,,,0
409,'1474102',1850,,194,7,,,0
409,'1474103',1920,,195,7,,,0
409,'1474104',1950,,196,7,,,0
409,'1474105',2020,,197,7,,,0
409,'1474106',2050,,198,7,,,0
409,'1474107',2120,,199,7,,,0
409,'1474108',2150,,200,7,,,0
409,'1474109',2220,,201,7,,,0
409,'1474110',850,,202,7,,,0
409,'1474111',920,,203,7,,,0
409,'1474112',950,,204,7,,,0
409,'1474113',1020,,205,7,,,0
409,'1474114',1050,,206,7,,,0
409,'1474115',1120,,207,7,,,0
409,'1474116',1150,,208,7,,,0
409,'1474117',1220,,209,7,,,0
409,'1474118',1250,,210,7,,,0
409,'1474119',1320,,211,7,,,0
409,'1474120',1350,,212,7,,,0
409,'1474121',1420,,213,7,,,0
409,'1474122',1450,,214,7,,,0
409,'1474123',1520,,215,7,,,0
409,'1474124',1550,,216,7,,,0
409,'1474125',1620,,217,7,,,0
409,'1474126',1650,,218,7,,,0
409,'1474127',1720,,219,7,,,0
409,'1474128',1750,,220,7,,,0
409,'1474129',1820,,221,7,,,0
409,'1474130',1850,,222,7,,,0
409,'1474131',1920,,223,7,,,0
409,'1474132',1950,,224,7,,,0
